X Ekseni	Y Ekseni
511	0
511	1
510	2
509	2
508	2
507	2
506	2
505	2
504	2
503	2
502	2
501	2
500	2
499	2
498	2
497	2
496	2
495	2
494	2
493	2
492	2
491	2
490	3
489	4
488	4
487	4
486	4
485	5
484	6
483	6
482	6
481	7
480	8
479	8
479	9
478	10
477	11
476	12
475	12
474	12
473	12
472	12
471	12
470	13
469	14
468	14
467	14
466	15
465	16
464	16
463	17
462	18
461	18
461	19
460	20
459	20
458	20
457	20
456	21
455	21
454	22
453	23
452	24
451	25
450	26
449	27
448	28
447	29
446	29
446	30
445	31
445	32
444	33
443	34
442	35
442	36
442	37
442	38
441	39
440	39
440	40
440	41
440	42
440	43
440	44
439	45
438	46
437	46
436	47
436	48
435	49
434	49
434	50
433	51
432	51
432	52
432	53
431	54
430	55
429	56
429	57
428	58
427	58
426	59
426	60
425	61
424	61
423	62
422	63
421	63
420	64
419	65
418	66
419	67
418	68
417	68
416	69
416	70
416	71
415	72
414	73
414	74
414	75
414	76
414	77
413	78
412	79
412	80
412	81
411	82
411	83
410	84
409	85
408	86
407	87
407	88
406	89
406	90
406	91
406	92
406	93
406	94
406	95
406	96
406	97
406	98
405	99
404	100
404	101
404	102
404	103
404	104
404	105
404	106
404	107
404	108
404	109
404	110
404	111
404	112
404	113
404	114
404	115
404	116
403	117
402	117
402	118
402	119
402	120
402	121
402	122
402	123
402	124
402	125
402	126
402	127
402	128
402	129
402	130
403	130
404	131
404	132
404	133
404	134
404	135
404	136
403	137
402	137
402	138
401	139
401	140
400	141
400	142
400	143
400	144
400	145
400	146
400	147
400	148
400	149
400	150
400	151
399	152
398	153
398	154
398	155
398	156
398	157
397	158
396	159
396	160
396	161
395	162
394	163
394	164
394	165
394	166
394	167
394	168
394	169
394	170
394	171
394	172
394	173
394	174
394	175
394	176
394	177
394	178
395	179
396	180
396	181
396	182
396	183
396	184
396	185
396	186
396	187
396	188
396	189
396	190
396	191
396	192
397	193
398	194
398	195
398	196
398	197
398	198
399	198
400	199
400	200
400	201
400	202
401	203
402	204
403	205
403	206
403	207
404	207
405	208
406	209
407	210
408	211
409	212
410	213
411	214
412	215
413	216
414	217
414	218
415	219
416	220
416	221
416	222
417	223
418	224
418	225
418	226
419	226
420	227
421	228
422	229
423	230
423	231
424	231
425	232
426	233
426	234
427	234
428	234
429	235
430	236
431	237
432	237
433	237
434	238
435	239
436	239
437	240
438	241
439	242
440	243
441	244
442	245
442	246
443	247
444	247
445	248
446	249
446	250
447	250
448	251
449	251
450	251
451	252
451	253
452	253
453	254
454	255
455	256
456	257
457	258
458	259
459	260
460	260
461	261
462	261
463	262
463	263
464	263
465	264
466	265
467	266
467	267
468	268
468	269
468	270
468	271
468	272
468	273
469	274
469	275
470	276
470	277
470	278
470	279
470	280
470	281
471	282
472	283
472	284
472	285
472	286
472	287
472	288
472	289
472	290
472	291
472	292
473	292
474	293
474	294
474	295
474	296
474	297
474	298
474	299
474	300
474	301
474	302
474	303
473	304
472	305
472	306
472	307
472	308
472	309
472	310
472	311
472	312
472	313
472	314
472	315
472	316
471	317
470	317
470	318
470	319
470	320
470	321
469	322
469	323
468	324
468	325
467	326
467	327
466	328
465	328
465	329
464	330
463	330
463	331
463	332
462	333
461	334
461	335
460	336
459	337
458	338
457	339
457	340
456	341
456	342
455	343
454	343
454	344
454	345
453	346
452	347
452	348
451	349
450	350
449	351
448	352
447	353
446	354
445	355
444	356
443	357
442	358
441	358
441	359
440	360
439	361
438	362
438	363
437	364
436	365
435	366
434	366
433	366
432	366
431	366
430	366
429	367
428	368
427	368
427	369
426	370
425	371
424	372
423	373
422	373
421	374
420	374
419	375
418	375
417	376
416	376
415	376
414	376
413	377
412	377
411	378
410	378
409	378
408	378
407	378
407	379
406	380
405	380
404	380
403	380
402	380
401	380
400	380
399	380
398	380
397	380
396	380
395	380
394	380
393	380
392	380
391	380
390	380
389	380
388	380
387	380
386	380
385	380
384	380
383	380
382	380
381	380
380	381
379	382
378	382
377	382
376	382
375	382
374	382
373	382
372	382
371	382
370	382
369	382
368	382
367	382
366	382
365	382
364	382
363	382
362	382
361	382
360	382
359	382
358	382
357	382
356	382
355	382
354	382
353	382
352	382
351	382
350	382
349	382
348	382
347	382
346	382
345	382
344	382
343	382
342	382
341	382
340	382
339	382
338	382
337	382
336	382
335	382
334	382
333	382
332	382
331	382
330	382
329	382
328	382
327	382
326	382
325	382
324	382
323	382
322	383
321	384
320	384
319	384
318	384
317	384
316	384
315	384
314	384
313	384
312	384
311	384
310	384
309	384
308	384
307	384
306	384
305	384
304	384
303	384
302	384
301	384
300	384
299	384
298	384
297	384
296	384
295	384
294	384
293	384
292	384
291	384
290	384
289	384
288	384
287	384
286	384
285	384
284	384
283	384
282	384
281	384
280	384
279	384
278	384
277	384
276	384
275	384
274	384
273	384
272	384
271	384
270	384
269	384
268	384
267	384
266	384
265	384
264	384
263	384
262	384
261	384
260	384
259	384
258	384
257	384
256	384
255	384
254	384
253	384
252	384
251	384
250	384
249	384
248	384
247	384
246	384
245	385
244	386
243	386
242	386
241	386
240	386
239	386
238	386
237	386
236	386
235	386
234	386
233	386
232	386
231	386
230	386
229	386
228	386
227	386
226	386
225	386
224	386
223	386
222	386
221	386
220	386
219	386
218	386
217	386
216	386
215	386
214	386
213	386
212	386
211	386
210	386
209	386
208	386
207	386
206	386
205	386
204	386
203	386
202	386
201	386
200	386
199	386
198	386
197	386
196	386
195	386
194	386
193	386
192	386
191	386
190	386
189	386
188	386
187	386
186	386
185	386
184	386
183	386
182	386
181	386
180	386
179	386
178	387
177	388
176	388
175	388
174	388
173	388
172	388
171	388
170	388
169	388
168	388
167	388
166	388
165	388
164	388
163	388
162	388
161	388
160	388
159	388
158	388
157	388
156	388
155	388
154	388
153	388
152	388
151	388
150	388
149	388
148	388
147	388
146	388
145	388
144	388
143	388
142	388
141	388
140	388
139	388
138	388
137	388
136	388
135	388
134	388
133	388
132	388
131	388
130	388
129	388
128	388
127	389
126	390
125	390
124	390
123	390
122	390
121	390
120	390
119	390
118	390
117	390
116	390
115	390
114	390
113	390
112	390
111	390
110	390
109	390
108	390
107	390
106	390
105	390
104	390
103	390
102	390
101	390
100	390
99	390
98	390
97	390
96	390
95	390
94	390
93	390
92	390
91	390
90	390
89	390
88	390
87	390
86	390
85	390
84	390
83	390
82	390
81	390
80	390
79	390
78	390
77	390
76	390
75	390
74	390
73	390
72	390
71	390
70	390
69	390
68	390
67	391
66	392
65	392
64	392
63	392
62	392
61	392
60	392
59	392
58	392
57	392
56	392
55	392
54	392
53	392
52	392
51	392
50	392
49	392
48	392
47	392
46	392
45	392
44	392
43	392
42	392
41	392
40	392
39	392
38	392
37	392
36	392
35	392
34	392
33	392
32	392
31	392
30	392
29	392
28	392
27	392
26	392
25	392
24	392
23	392
22	392
21	392
20	392
19	392
18	392
17	392
16	392
15	393
14	394
13	394
13	395
12	396
11	396
10	396
9	396
8	396
7	396
6	397
5	398
4	398
3	398
3	399
2	400
1	401
1	402
0	403
0	404
0	405
0	406
0	407
0	408
0	409
0	410
0	411
0	412
0	413
0	414
0	415
0	416
0	417
0	418
0	419
0	420
0	421
0	422
0	423
0	424
0	425
0	426
0	427
0	428
0	429
0	430
0	431
0	432
0	433
0	434
0	435
0	436
0	437
0	438
1	439
2	440
2	441
2	442
2	443
2	444
2	445
2	446
2	447
2	448
2	449
2	450
2	451
2	452
2	453
2	454
2	455
2	456
2	457
2	458
2	459
2	460
2	461
2	462
2	463
2	464
2	465
2	466
3	467
4	468
4	469
4	470
4	471
4	472
4	473
4	474
4	475
4	476
4	477
4	478
4	479
4	480
4	481
4	482
4	483
4	484
4	485
4	486
4	487
4	488
4	489
4	490
4	491
4	492
4	493
4	494
4	495
4	496
4	497
4	498
4	499
4	500
5	500
6	501
6	502
6	503
6	504
6	505
6	506
6	507
6	508
6	509
6	510
6	511
6	512
6	513
6	514
6	515
6	516
6	517
6	518
6	519
6	520
6	521
6	522
6	523
6	524
6	525
6	526
6	527
6	528
6	529
6	530
6	531
6	532
6	533
6	534
6	535
6	536
6	537
6	538
6	539
6	540
6	541
6	542
6	543
6	544
6	545
6	546
7	546
8	547
8	548
8	549
8	550
8	551
8	552
8	553
8	554
8	555
8	556
8	557
8	558
8	559
8	560
8	561
8	562
8	563
8	564
8	565
8	566
8	567
8	568
8	569
8	570
8	571
8	572
8	573
8	574
8	575
8	576
8	577
8	578
8	579
8	580
8	581
8	582
8	583
8	584
8	585
8	586
8	587
8	588
8	589
8	590
8	591
8	592
8	593
8	594
8	595
8	596
8	597
8	598
8	599
8	600
8	601
8	602
8	603
8	604
8	605
8	606
8	607
8	608
8	609
8	610
8	611
8	612
9	612
10	613
10	614
10	615
10	616
10	617
10	618
10	619
10	620
10	621
10	622
10	623
10	624
10	625
10	626
10	627
10	628
10	629
10	630
10	631
10	632
10	633
10	634
10	635
10	636
10	637
10	638
10	639
10	640
10	641
10	642
10	643
10	644
10	645
10	646
10	647
10	648
10	649
10	650
10	651
10	652
10	653
10	654
10	655
10	656
10	657
10	658
10	659
10	660
10	661
10	662
10	663
10	664
10	665
10	666
10	667
10	668
11	668
12	669
12	670
12	671
12	672
12	673
12	674
12	675
12	676
12	677
12	678
12	679
12	680
12	681
13	682
13	683
14	684
14	685
14	686
14	687
14	688
14	689
15	690
15	691
16	692
17	693
17	694
18	695
18	696
19	697
20	698
21	699
21	700
22	701
22	702
23	703
24	704
24	705
25	706
26	707
27	708
28	709
29	710
30	711
31	712
32	713
33	713
34	714
35	714
36	715
37	716
38	717
39	716
40	717
41	718
41	719
42	719
43	720
44	721
45	722
45	723
46	723
47	723
48	724
49	724
50	725
50	726
51	726
52	726
53	727
54	727
55	727
56	727
57	727
58	727
59	727
60	727
61	727
62	727
63	727
64	727
65	727
66	727
67	727
68	727
69	727
70	727
71	727
72	727
73	727
74	727
75	727
76	727
77	727
78	727
79	727
80	727
81	727
82	727
82	726
83	725
84	725
85	725
86	725
87	725
88	725
89	725
90	725
91	725
92	725
93	725
94	724
95	724
96	723
97	723
98	723
99	723
100	723
100	722
101	721
102	721
102	720
103	719
104	718
105	719
106	718
107	718
108	717
109	717
110	717
111	717
112	717
113	717
114	716
115	716
115	715
116	714
117	713
118	712
119	711
120	710
121	709
122	708
123	707
124	707
124	706
125	705
126	705
127	705
128	704
129	703
130	702
131	701
132	700
133	699
134	698
135	697
135	696
136	695
137	694
137	693
138	692
139	692
138	691
138	690
139	689
140	689
140	688
141	687
142	687
143	686
143	685
144	684
145	683
146	683
147	683
148	683
148	682
149	681
150	681
151	681
152	680
153	679
154	679
155	679
156	679
157	678
158	678
159	678
159	677
160	676
161	675
161	674
161	673
162	672
163	671
164	671
165	670
166	669
167	668
168	668
169	667
170	667
170	666
171	665
172	665
173	665
174	665
175	665
176	665
177	664
178	663
179	662
180	662
181	661
182	661
182	660
183	659
184	659
185	659
186	659
187	658
188	657
189	657
190	657
191	656
192	655
193	655
194	655
195	655
196	655
197	654
198	653
199	652
200	652
201	651
202	650
203	649
204	649
205	648
206	647
207	647
208	647
209	647
210	647
211	647
212	647
213	648
213	649
214	649
215	649
216	649
217	649
218	649
219	649
220	649
221	649
222	649
223	648
224	647
225	647
226	647
227	647
228	647
229	647
230	647
231	647
232	647
233	647
234	647
235	647
236	647
237	647
238	647
239	647
240	647
241	647
242	647
243	648
243	649
244	649
245	649
246	649
247	649
248	649
249	649
250	649
251	649
252	649
253	649
254	649
255	649
256	649
257	649
258	650
259	650
260	651
261	652
262	653
263	653
264	654
265	655
266	655
267	656
268	657
269	657
270	657
271	657
272	657
273	657
274	657
275	657
276	657
277	657
278	657
279	657
280	657
281	657
282	658
283	658
284	659
285	659
286	659
287	659
288	659
289	660
289	661
290	661
291	662
292	663
293	664
294	665
295	666
296	667
297	668
298	669
299	669
300	669
301	669
302	670
303	671
304	671
305	672
305	673
306	673
307	674
308	675
309	676
310	676
311	677
312	677
313	677
314	677
315	677
316	677
317	678
318	679
319	679
320	680
321	681
322	681
323	682
324	683
325	684
326	685
327	686
328	687
329	688
330	689
330	690
331	690
332	691
332	692
333	692
334	693
335	694
336	695
337	696
338	697
339	698
340	699
341	700
342	701
343	702
344	703
345	704
346	705
347	706
348	707
348	708
349	708
350	709
350	710
350	711
351	712
351	713
352	714
352	715
352	716
353	716
354	717
354	718
354	719
354	720
354	721
355	722
355	723
356	723
357	724
358	725
358	726
359	727
360	728
360	729
361	730
362	731
362	732
363	732
364	733
364	734
364	735
365	736
365	737
366	738
366	739
366	740
366	741
366	742
366	743
366	744
367	745
368	746
368	747
368	748
368	749
368	750
368	751
368	752
369	753
370	754
371	755
370	756
371	756
372	757
372	758
372	759
373	760
374	761
374	762
374	763
374	764
375	765
376	766
376	767
377	768
377	769
378	770
378	771
378	772
378	773
378	774
378	775
378	776
378	777
378	778
378	779
378	780
379	780
380	781
380	782
380	783
380	784
380	785
380	786
380	787
380	788
380	789
380	790
380	791
380	792
380	793
380	794
380	795
380	796
380	797
380	798
380	799
381	800
382	801
382	802
383	803
384	804
384	805
384	806
384	807
384	808
384	809
384	810
384	811
384	812
384	813
384	814
384	815
384	816
384	817
384	818
384	819
384	820
384	821
384	822
384	823
384	824
384	825
384	826
384	827
384	828
384	829
384	830
384	831
384	832
384	833
384	834
384	835
384	836
384	837
384	838
384	839
384	840
384	841
384	842
384	843
384	844
384	845
385	846
386	847
387	848
387	849
388	850
388	851
388	852
388	853
388	854
388	855
388	856
388	857
388	858
388	859
388	860
388	861
387	862
386	863
386	864
386	865
385	866
384	867
384	868
384	869
384	870
384	871
384	872
384	873
383	874
382	875
382	876
382	877
382	878
382	879
382	880
382	881
382	882
382	883
381	884
380	885
380	886
380	887
380	888
380	889
380	890
380	891
380	892
380	893
380	894
380	895
380	896
380	897
380	898
380	899
380	900
379	901
378	901
378	902
379	903
378	904
377	904
376	905
376	906
375	907
374	908
373	909
372	910
371	910
371	911
370	912
369	913
369	914
368	915
368	916
367	917
366	917
366	918
365	919
364	920
363	921
362	922
361	923
360	924
359	925
358	926
358	927
358	928
358	929
358	930
357	931
356	931
355	932
354	933
353	934
352	935
351	935
350	936
349	937
348	938
347	938
346	938
345	938
344	938
343	938
342	938
341	938
340	938
339	938
338	938
337	938
336	939
335	939
334	940
333	941
332	942
331	942
330	943
329	944
328	944
327	945
326	946
325	947
324	948
323	949
322	950
321	951
320	952
319	952
318	953
317	954
316	954
315	954
314	955
313	956
312	956
311	957
310	958
309	959
308	959
308	960
307	961
306	962
305	962
304	963
303	964
302	964
301	964
300	964
299	965
298	965
297	966
296	967
295	967
294	968
293	969
292	970
291	970
290	970
289	970
288	970
287	970
286	971
285	972
284	972
283	973
282	973
281	974
280	974
279	975
278	975
277	976
276	976
275	976
274	976
273	976
272	976
271	977
270	978
269	979
268	980
267	980
266	980
265	980
264	980
263	980
262	980
261	980
260	980
259	980
258	980
257	980
256	980
255	981
254	981
253	982
252	982
251	982
250	982
249	982
248	982
247	982
246	982
245	982
244	982
243	982
242	982
241	982
240	982
239	982
238	982
237	982
236	982
235	982
234	982
233	982
232	982
231	982
230	982
229	982
228	982
227	982
226	982
225	982
224	982
223	981
222	981
221	980
220	980
219	980
218	980
217	980
216	980
215	980
214	980
213	980
212	980
211	979
210	979
209	978
208	978
207	977
206	976
205	976
204	976
203	976
202	976
201	976
200	976
199	975
198	974
197	974
196	974
195	974
194	974
193	974
192	973
191	972
191	971
190	971
189	971
188	970
187	970
186	970
185	969
184	968
183	968
182	968
181	967
180	966
179	966
178	966
177	966
176	965
176	964
175	964
174	964
173	964
172	964
171	963
170	962
169	962
168	961
167	960
166	960
165	959
164	958
163	958
162	958
161	957
160	957
159	956
159	955
158	954
157	954
156	953
156	952
155	951
154	951
153	950
152	951
151	950
151	949
150	948
149	948
148	947
147	946
146	945
145	944
144	943
143	942
142	941
141	941
140	940
139	939
138	939
137	938
136	937
135	936
134	935
133	934
132	933
131	932
130	931
129	930
128	929
127	928
126	927
125	926
124	925
123	924
122	924
121	923
120	922
119	921
118	921
117	920
116	919
115	918
114	918
113	918
112	917
112	916
111	916
110	916
109	916
108	916
107	916
106	916
105	916
104	916
103	915
102	915
101	914
100	913
99	912
98	912
97	912
96	912
95	912
94	912
93	912
92	912
91	912
90	912
89	912
88	912
87	912
86	912
85	912
84	912
83	912
82	912
81	912
80	912
79	912
78	912
77	912
76	912
75	912
74	912
73	912
72	913
71	914
70	914
69	914
68	914
67	914
66	914
65	915
64	916
63	916
62	917
61	918
60	918
59	918
58	918
57	918
56	918
55	919
54	920
53	920
52	920
51	920
50	920
49	921
48	922
47	922
46	923
45	924
44	925
43	925
42	925
43	926
42	927
42	928
41	929
40	929
39	930
38	930
37	931
36	932
35	933
34	934
34	935
34	936
33	937
32	937
32	938
31	939
30	940
29	941
28	942
27	942
27	943
27	944
26	945
26	946
26	947
26	948
25	949
24	949
24	950
24	951
23	952
23	953
22	954
22	955
22	956
21	957
20	957
20	958
20	959
20	960
20	961
19	962
18	963
18	964
17	965
16	966
16	967
16	968
16	969
16	970
16	971
16	972
16	973
16	974
16	975
16	976
16	977
16	978
16	979
16	980
16	981
16	982
17	983
18	984
18	985
18	986
18	987
18	988
18	989
18	990
18	991
18	992
18	993
18	994
18	995
18	996
18	997
18	998
18	999
18	1000
18	1001
18	1002
18	1003
18	1004
18	1005
18	1006
18	1007
18	1008
18	1009
18	1010
18	1011
18	1012
18	1013
18	1014
18	1015
18	1016
18	1017
18	1018
18	1019
18	1020
18	1021
18	1022
18	1023
18	1024
18	1025
18	1026
18	1027
18	1028
18	1029
18	1030
18	1031
18	1032
18	1033
18	1034
18	1035
18	1036
18	1037
18	1038
18	1039
18	1040
18	1041
18	1042
18	1043
18	1044
19	1044
20	1045
20	1046
20	1047
20	1048
20	1049
20	1050
20	1051
20	1052
20	1053
20	1054
20	1055
20	1056
20	1057
20	1058
20	1059
20	1060
20	1061
20	1062
20	1063
20	1064
20	1065
20	1066
20	1067
20	1068
20	1069
21	1070
22	1071
22	1072
22	1073
22	1074
22	1075
22	1076
22	1077
22	1078
22	1079
22	1080
22	1081
22	1082
22	1083
22	1084
22	1085
22	1086
22	1087
22	1088
22	1089
22	1090
22	1091
22	1092
22	1093
22	1094
22	1095
23	1096
23	1097
24	1098
24	1099
24	1100
24	1101
24	1102
24	1103
24	1104
24	1105
24	1106
24	1107
24	1108
24	1109
24	1110
24	1111
24	1112
24	1113
24	1114
24	1115
24	1116
24	1117
24	1118
24	1119
24	1120
24	1121
24	1122
24	1123
24	1124
24	1125
24	1126
24	1127
24	1128
25	1129
26	1130
26	1131
26	1132
26	1133
26	1134
26	1135
26	1136
26	1137
26	1138
26	1139
26	1140
26	1141
26	1142
26	1143
26	1144
26	1145
26	1146
26	1147
26	1148
26	1149
26	1150
26	1151
26	1152
26	1153
26	1154
26	1155
26	1156
26	1157
26	1158
26	1159
26	1160
26	1161
26	1162
26	1163
26	1164
26	1165
26	1166
27	1167
28	1168
28	1169
28	1170
28	1171
28	1172
28	1173
28	1174
28	1175
28	1176
28	1177
28	1178
28	1179
28	1180
28	1181
28	1182
28	1183
28	1184
28	1185
28	1186
28	1187
28	1188
28	1189
28	1190
28	1191
28	1192
28	1193
28	1194
28	1195
28	1196
28	1197
28	1198
28	1199
28	1200
29	1200
30	1201
30	1202
30	1203
30	1204
30	1205
30	1206
30	1207
30	1208
30	1209
30	1210
30	1211
30	1212
30	1213
30	1214
30	1215
30	1216
30	1217
30	1218
30	1219
30	1220
30	1221
30	1222
30	1223
30	1224
30	1225
30	1226
30	1227
31	1228
32	1229
32	1230
32	1231
32	1232
32	1233
32	1234
32	1235
32	1236
32	1237
32	1238
32	1239
32	1240
32	1241
32	1242
32	1243
32	1244
32	1245
32	1246
32	1247
32	1248
32	1249
32	1250
32	1251
32	1252
32	1253
32	1254
32	1255
32	1256
32	1257
32	1258
32	1259
32	1260
32	1261
32	1262
33	1263
34	1264
34	1265
34	1266
34	1267
34	1268
34	1269
34	1270
34	1271
34	1272
34	1273
34	1274
34	1275
35	1275
36	1275
37	1275
38	1275
39	1275
40	1275
41	1275
42	1275
43	1275
44	1275
45	1275
46	1275
47	1275
48	1275
49	1275
50	1275
51	1275
52	1275
53	1275
54	1275
55	1275
56	1275
57	1275
58	1275
59	1275
60	1275
61	1275
62	1275
63	1275
64	1275
65	1275
66	1275
67	1275
68	1275
69	1275
70	1275
71	1274
72	1273
73	1273
74	1273
75	1273
76	1273
77	1273
78	1273
79	1273
80	1273
81	1273
82	1273
83	1273
84	1273
85	1273
86	1273
87	1273
88	1273
89	1273
90	1273
91	1273
92	1273
93	1273
94	1273
95	1273
96	1273
97	1273
98	1273
99	1273
100	1273
101	1273
102	1273
103	1273
104	1272
105	1271
106	1271
107	1271
108	1271
109	1271
110	1271
111	1271
112	1271
113	1271
114	1271
115	1271
116	1271
117	1271
118	1271
119	1271
120	1271
121	1271
122	1271
123	1271
124	1271
125	1271
126	1271
127	1271
128	1271
129	1271
130	1271
131	1271
132	1271
133	1271
134	1271
135	1271
136	1271
137	1271
138	1271
138	1270
139	1269
140	1269
141	1269
142	1269
143	1269
144	1269
145	1269
146	1269
147	1269
148	1269
149	1269
150	1269
151	1269
152	1269
153	1269
154	1269
155	1269
156	1269
157	1268
158	1268
159	1267
160	1266
161	1265
162	1265
163	1264
164	1263
165	1263
166	1263
167	1263
168	1263
169	1263
170	1263
171	1263
172	1263
173	1263
174	1263
175	1262
176	1261
177	1261
178	1261
179	1261
180	1261
181	1261
182	1261
183	1261
184	1261
185	1261
186	1261
187	1261
188	1261
189	1261
190	1261
191	1261
192	1261
193	1261
194	1261
195	1261
196	1261
197	1261
198	1261
199	1261
200	1261
201	1261
202	1262
203	1262
204	1263
205	1263
206	1264
207	1265
208	1265
209	1265
210	1265
211	1265
212	1265
213	1265
214	1265
215	1265
216	1265
217	1265
218	1265
219	1265
220	1265
221	1265
222	1265
223	1265
224	1265
225	1265
226	1265
227	1265
228	1265
229	1265
230	1265
231	1265
232	1265
233	1265
234	1265
235	1265
236	1265
237	1265
238	1265
239	1265
240	1265
241	1265
242	1265
243	1265
244	1265
245	1265
246	1265
247	1265
248	1265
249	1264
250	1264
251	1265
252	1265
253	1265
254	1265
255	1265
256	1265
257	1265
258	1265
259	1265
260	1264
261	1264
262	1263
263	1263
264	1263
265	1263
266	1263
267	1263
268	1263
269	1263
270	1263
271	1263
272	1263
273	1262
274	1261
275	1261
276	1261
277	1261
278	1261
279	1261
280	1261
281	1261
282	1261
283	1261
284	1261
284	1260
285	1259
286	1259
287	1259
288	1259
289	1259
290	1259
291	1259
292	1259
293	1259
294	1259
295	1259
296	1260
297	1261
298	1261
299	1261
300	1261
301	1261
302	1261
303	1261
304	1261
305	1261
306	1261
307	1261
308	1261
309	1261
310	1261
311	1261
312	1261
313	1261
314	1261
315	1261
316	1261
317	1261
318	1260
319	1259
320	1259
321	1259
322	1259
323	1259
324	1259
325	1259
326	1259
327	1259
328	1259
329	1259
330	1259
331	1259
332	1259
333	1259
334	1259
335	1259
336	1259
337	1259
338	1259
339	1259
340	1259
341	1259
342	1259
342	1258
343	1257
344	1257
345	1257
346	1257
347	1257
348	1257
349	1257
350	1257
351	1257
352	1257
353	1257
354	1257
355	1257
356	1257
357	1257
358	1257
359	1256
360	1255
361	1255
362	1255
363	1255
364	1255
365	1255
366	1255
367	1255
368	1255
369	1256
369	1257
370	1257
371	1257
372	1257
373	1257
374	1257
375	1257
376	1257
377	1257
378	1257
379	1256
380	1255
381	1255
382	1255
383	1255
384	1255
385	1255
386	1255
387	1255
388	1255
389	1255
390	1255
391	1255
392	1255
393	1255
394	1255
395	1255
396	1255
397	1255
398	1255
399	1254
400	1253
401	1253
402	1253
403	1253
404	1253
405	1253
406	1253
407	1253
408	1253
408	1252
409	1251
410	1251
411	1251
412	1251
413	1251
414	1251
414	1250
415	1249
416	1249
417	1249
418	1249
419	1249
420	1249
421	1249
422	1249
423	1249
424	1249
425	1249
426	1249
427	1249
428	1249
429	1249
430	1249
431	1249
432	1249
433	1249
434	1249
435	1249
436	1250
437	1251
438	1251
439	1252
440	1253
441	1253
442	1253
443	1253
444	1253
445	1253
446	1253
447	1253
448	1253
449	1253
450	1253
451	1253
452	1253
453	1253
454	1254
455	1255
456	1255
457	1255
458	1255
459	1255
460	1255
461	1256
461	1257
462	1257
463	1257
464	1257
465	1257
466	1257
467	1258
467	1259
468	1259
469	1259
470	1260
471	1260
472	1261
473	1262
474	1263
475	1264
476	1265
476	1266
477	1267
478	1268
478	1269
478	1270
478	1271
479	1272
480	1273
481	1274
481	1275
482	1274
483	1275
484	1275
485	1276
485	1277
486	1278
487	1279
488	1280
488	1281
488	1282
489	1283
490	1284
491	1285
491	1286
491	1287
492	1287
493	1288
493	1289
494	1290
495	1291
494	1292
495	1293
496	1294
496	1295
497	1296
497	1297
498	1297
499	1298
499	1299
500	1300
500	1301
500	1302
500	1303
500	1304
500	1305
500	1306
501	1307
501	1308
502	1309
503	1310
504	1311
505	1312
506	1313
507	1314
507	1315
508	1316
508	1317
508	1318
508	1319
508	1320
508	1321
508	1322
508	1323
508	1324
508	1325
508	1326
508	1327
508	1328
508	1329
508	1330
508	1331
508	1332
508	1333
508	1334
508	1335
508	1336
508	1337
508	1338
508	1339
508	1340
508	1341
508	1342
508	1343
508	1344
508	1345
508	1346
508	1347
508	1348
507	1349
506	1349
506	1350
506	1351
506	1352
506	1353
506	1354
506	1355
506	1356
506	1357
505	1358
504	1359
504	1360
504	1361
503	1362
502	1363
502	1364
501	1365
501	1366
500	1367
500	1368
500	1369
500	1370
500	1371
500	1372
499	1373
498	1374
498	1375
498	1376
498	1377
498	1378
498	1379
498	1380
498	1381
499	1382
499	1383
500	1384
500	1385
500	1386
500	1387
499	1388
499	1389
498	1390
497	1390
497	1391
496	1392
495	1393
494	1394
494	1395
494	1396
494	1397
493	1398
493	1399
492	1400
492	1401
492	1402
491	1403
490	1403
490	1404
489	1405
488	1406
487	1407
486	1408
486	1409
485	1410
485	1411
484	1412
484	1413
484	1414
484	1415
484	1416
483	1417
482	1417
482	1418
482	1419
482	1420
482	1421
482	1422
481	1423
480	1424
479	1425
478	1426
477	1427
476	1428
475	1429
474	1430
474	1431
473	1432
472	1433
472	1434
471	1435
470	1436
469	1436
468	1437
468	1438
467	1439
466	1439
466	1440
465	1441
464	1442
463	1443
462	1443
461	1444
461	1445
460	1446
459	1446
458	1447
457	1448
456	1448
455	1448
454	1448
453	1448
452	1449
451	1450
450	1450
449	1450
448	1451
447	1451
446	1452
445	1453
445	1454
444	1455
443	1456
443	1457
442	1458
442	1459
441	1460
440	1461
440	1462
440	1463
440	1464
440	1465
440	1466
440	1467
440	1468
440	1469
440	1470
440	1471
440	1472
440	1473
440	1474
440	1475
440	1476
440	1477
440	1478
440	1479
440	1480
440	1481
440	1482
440	1483
440	1484
440	1485
440	1486
440	1487
440	1488
440	1489
440	1490
440	1491
440	1492
440	1493
440	1494
440	1495
440	1496
440	1497
440	1498
440	1499
440	1500
440	1501
440	1502
440	1503
441	1504
442	1505
442	1506
442	1507
442	1508
442	1509
442	1510
442	1511
442	1512
442	1513
442	1514
442	1515
443	1516
444	1517
444	1518
444	1519
444	1520
444	1521
444	1522
444	1523
444	1524
444	1525
445	1526
446	1527
446	1528
446	1529
446	1530
446	1531
447	1532
447	1533
448	1533
449	1534
450	1535
451	1536
451	1537
452	1538
452	1539
452	1540
452	1541
452	1542
452	1543
452	1544
452	1545
452	1546
453	1547
453	1548
454	1549
455	1550
455	1551
456	1551
457	1552
458	1553
458	1554
459	1555
460	1556
461	1557
461	1558
462	1559
463	1560
463	1561
464	1562
464	1563
465	1564
466	1565
467	1566
468	1567
469	1568
470	1569
471	1570
472	1571
472	1572
472	1573
472	1574
473	1575
474	1575
475	1576
475	1577
475	1578
476	1579
477	1580
477	1581
478	1582
479	1583
479	1584
480	1585
481	1585
482	1585
483	1585
484	1585
485	1586
485	1587
486	1587
487	1587
488	1588
489	1589
490	1589
491	1590
492	1591
493	1592
493	1593
494	1593
495	1594
496	1595
496	1596
497	1596
498	1596
499	1597
500	1598
501	1599
502	1599
503	1599
504	1600
505	1601
506	1601
507	1602
508	1603
508	1604
509	1605
510	1605
511	1606
512	1607
513	1607
514	1607
515	1607
516	1608
517	1608
518	1609
519	1610
520	1611
521	1610
522	1611
523	1611
524	1611
525	1612
525	1613
526	1613
527	1614
527	1615
528	1614
529	1615
530	1615
531	1615
532	1615
533	1615
534	1615
535	1615
536	1615
537	1615
538	1615
539	1615
540	1615
541	1616
541	1617
542	1617
543	1617
544	1617
545	1617
546	1617
547	1618
547	1619
548	1619
549	1619
550	1619
551	1619
552	1619
553	1619
554	1619
555	1620
556	1621
557	1621
558	1621
559	1622
559	1623
560	1623
561	1623
562	1623
563	1623
564	1623
565	1623
566	1623
567	1623
568	1623
569	1623
570	1623
571	1623
572	1623
573	1623
574	1623
575	1623
576	1623
577	1623
578	1623
579	1623
580	1623
581	1623
582	1623
583	1623
584	1623
585	1623
586	1623
587	1623
588	1623
589	1623
590	1623
591	1623
592	1623
593	1623
594	1623
595	1623
596	1623
597	1623
598	1623
599	1623
600	1623
601	1623
602	1623
603	1623
604	1623
605	1623
606	1624
607	1625
608	1625
609	1625
610	1625
611	1625
612	1625
613	1625
614	1625
615	1625
616	1625
617	1625
618	1625
619	1625
620	1625
621	1625
622	1625
623	1625
624	1625
625	1625
626	1625
627	1625
628	1625
629	1625
630	1625
631	1625
632	1625
633	1625
634	1625
635	1625
636	1625
637	1625
638	1625
639	1624
640	1623
641	1623
642	1623
642	1622
643	1621
644	1621
645	1621
646	1621
647	1621
648	1621
648	1620
649	1619
650	1619
651	1619
652	1619
653	1619
654	1619
655	1619
656	1619
657	1619
658	1619
659	1619
660	1619
661	1619
662	1619
663	1619
664	1619
665	1619
666	1619
667	1619
668	1619
669	1619
670	1619
670	1618
671	1617
672	1617
673	1617
674	1617
674	1616
675	1615
676	1615
677	1614
678	1614
679	1614
679	1613
680	1612
681	1611
682	1610
683	1609
684	1609
684	1608
685	1607
686	1606
687	1605
688	1605
689	1604
690	1603
691	1603
692	1603
693	1603
694	1603
695	1603
696	1603
697	1603
698	1603
698	1602
699	1601
700	1601
701	1601
702	1600
703	1599
704	1599
705	1598
706	1597
707	1596
708	1596
709	1595
710	1595
711	1594
712	1593
713	1592
714	1592
715	1591
716	1590
716	1589
717	1588
717	1587
718	1586
719	1585
720	1584
721	1583
722	1582
723	1581
724	1580
725	1580
725	1579
726	1578
727	1577
728	1576
729	1576
729	1575
730	1574
731	1573
732	1572
733	1571
734	1570
735	1569
736	1568
737	1567
738	1566
739	1565
739	1564
739	1563
739	1562
740	1561
741	1560
742	1559
743	1558
743	1557
744	1556
745	1555
745	1554
745	1553
745	1552
746	1551
747	1550
747	1549
748	1548
749	1547
749	1546
750	1545
751	1544
751	1543
752	1542
753	1541
753	1540
753	1539
754	1538
755	1538
755	1537
756	1536
757	1535
757	1534
757	1533
757	1532
757	1531
757	1530
757	1529
757	1528
757	1527
757	1526
757	1525
757	1524
757	1523
757	1522
757	1521
757	1520
758	1519
759	1518
759	1517
760	1516
761	1515
762	1515
762	1514
762	1513
763	1512
763	1511
763	1510
763	1509
763	1508
763	1507
763	1506
763	1505
763	1504
763	1503
763	1502
763	1501
763	1500
763	1499
763	1498
763	1497
763	1496
763	1495
763	1494
763	1493
763	1492
763	1491
763	1490
763	1489
763	1488
763	1487
763	1486
763	1485
763	1484
763	1483
762	1482
761	1481
761	1480
761	1479
761	1478
761	1477
761	1476
761	1475
761	1474
761	1473
761	1472
761	1471
761	1470
761	1469
761	1468
761	1467
761	1466
761	1465
760	1465
759	1464
759	1463
759	1462
759	1461
759	1460
759	1459
759	1458
759	1457
759	1456
759	1455
758	1454
758	1453
757	1452
757	1451
756	1450
755	1449
755	1448
755	1447
755	1446
755	1445
755	1444
755	1443
755	1442
755	1441
755	1440
754	1439
753	1438
752	1437
751	1436
750	1435
750	1434
749	1433
749	1432
749	1431
749	1430
749	1429
749	1428
749	1427
749	1426
749	1425
748	1425
747	1424
747	1423
747	1422
747	1421
747	1420
747	1419
746	1418
745	1417
745	1416
744	1415
744	1414
743	1413
742	1412
742	1411
742	1410
741	1410
740	1409
739	1409
738	1408
737	1408
736	1407
736	1406
735	1406
734	1405
733	1404
733	1403
732	1402
731	1401
731	1400
731	1399
730	1398
729	1397
729	1396
729	1395
728	1395
727	1394
726	1393
726	1392
725	1392
724	1391
723	1390
722	1389
721	1388
720	1387
719	1386
718	1385
717	1384
716	1383
715	1382
714	1381
713	1380
712	1379
711	1378
710	1377
709	1376
708	1375
707	1374
706	1373
705	1373
704	1372
703	1371
702	1370
701	1370
700	1369
699	1368
698	1367
697	1366
696	1365
695	1364
694	1363
693	1362
692	1361
691	1360
690	1359
689	1358
688	1357
687	1356
687	1355
686	1354
685	1353
685	1352
684	1351
683	1350
682	1349
681	1348
680	1347
679	1346
678	1345
677	1344
676	1343
676	1342
675	1342
674	1341
673	1340
673	1339
672	1338
671	1337
671	1336
671	1335
671	1334
671	1333
671	1332
671	1331
671	1330
671	1329
671	1328
671	1327
671	1326
671	1325
671	1324
671	1323
671	1322
671	1321
671	1320
671	1319
671	1318
671	1317
671	1316
671	1315
671	1314
671	1313
671	1312
671	1311
671	1310
671	1309
671	1308
671	1307
671	1306
671	1305
671	1304
671	1303
671	1302
671	1301
671	1300
671	1299
671	1298
672	1297
673	1296
673	1295
673	1294
673	1293
673	1292
674	1291
675	1290
675	1289
675	1288
676	1287
676	1286
677	1285
677	1284
678	1283
679	1282
679	1281
680	1280
681	1279
681	1278
682	1277
683	1276
684	1275
684	1274
685	1273
685	1272
685	1271
685	1270
685	1269
686	1268
687	1268
687	1267
688	1266
689	1265
690	1264
691	1263
692	1262
693	1261
694	1260
695	1259
696	1258
697	1257
698	1256
699	1255
700	1254
701	1253
702	1252
703	1251
704	1250
705	1250
705	1249
706	1248
707	1247
708	1247
708	1246
709	1245
710	1244
711	1243
712	1242
713	1241
714	1240
715	1239
716	1238
717	1237
718	1236
719	1235
720	1235
720	1234
721	1233
722	1233
723	1233
724	1233
725	1233
726	1233
727	1233
728	1232
729	1231
730	1231
731	1231
732	1231
732	1230
733	1229
734	1229
735	1229
736	1229
737	1229
738	1229
739	1229
740	1229
741	1229
742	1229
743	1229
744	1229
745	1228
746	1227
747	1227
748	1227
749	1227
750	1227
751	1227
752	1227
753	1227
754	1227
755	1227
756	1227
757	1227
758	1227
759	1227
760	1227
761	1228
762	1229
763	1229
764	1229
765	1230
765	1231
766	1231
767	1230
768	1231
769	1231
770	1231
771	1231
772	1231
773	1231
774	1231
775	1231
776	1231
777	1231
778	1231
779	1231
780	1231
781	1231
782	1231
783	1231
784	1231
785	1231
786	1231
787	1231
788	1231
789	1231
790	1231
791	1231
792	1231
793	1231
794	1231
795	1231
796	1231
797	1231
798	1231
799	1231
800	1231
801	1231
802	1231
803	1231
804	1231
805	1231
806	1231
807	1231
808	1231
809	1231
810	1231
811	1231
812	1231
813	1231
814	1231
815	1231
816	1231
817	1231
818	1231
819	1230
820	1229
821	1229
822	1229
823	1229
824	1229
825	1229
826	1229
827	1229
828	1229
829	1229
830	1229
831	1229
832	1229
833	1229
834	1229
835	1229
836	1229
837	1229
838	1229
839	1229
840	1230
841	1231
842	1231
843	1231
844	1231
845	1231
846	1231
847	1231
848	1231
849	1231
850	1231
851	1231
852	1231
853	1231
854	1231
855	1231
856	1231
857	1231
858	1231
859	1231
860	1231
861	1231
862	1231
863	1231
864	1230
865	1231
866	1230
867	1230
868	1229
869	1229
870	1229
871	1229
872	1229
873	1229
874	1229
875	1229
876	1229
877	1229
878	1229
879	1229
880	1229
881	1229
882	1228
883	1228
884	1227
885	1227
886	1227
887	1227
888	1227
889	1227
890	1227
891	1227
892	1227
893	1227
894	1227
895	1227
896	1227
897	1227
898	1227
899	1227
900	1227
901	1227
902	1227
903	1227
904	1227
905	1227
906	1227
907	1227
908	1227
909	1227
910	1227
911	1227
912	1227
913	1227
914	1227
915	1227
916	1227
917	1227
918	1227
919	1227
920	1227
921	1227
922	1227
923	1227
924	1227
925	1227
926	1227
927	1227
928	1227
929	1227
930	1227
931	1227
932	1227
933	1227
934	1227
935	1227
936	1227
937	1227
938	1227
939	1227
940	1227
941	1227
942	1227
943	1227
944	1227
945	1227
946	1227
947	1227
948	1227
949	1227
950	1227
951	1227
952	1227
953	1227
954	1227
955	1227
956	1227
957	1227
958	1227
959	1227
960	1227
961	1227
962	1227
963	1226
964	1225
965	1225
966	1226
967	1227
968	1227
969	1227
970	1227
971	1227
972	1227
973	1227
974	1227
975	1227
976	1227
977	1227
978	1227
979	1227
980	1226
981	1225
982	1225
983	1225
984	1225
985	1225
986	1225
987	1225
988	1224
989	1223
990	1223
991	1223
992	1223
993	1223
994	1223
995	1223
996	1223
997	1223
998	1223
999	1223
1000	1222
1001	1222
1002	1221
1003	1220
1004	1219
1005	1219
1006	1219
1007	1219
1008	1219
1009	1219
1010	1219
1011	1219
1012	1219
1013	1219
1014	1219
1015	1219
1016	1219
1017	1219
1018	1219
1019	1219
1020	1219
1021	1219
1022	1219
1023	1219
1024	1219
1025	1219
1026	1219
1027	1219
1028	1219
1029	1219
1030	1219
1031	1219
1032	1219
1033	1219
1034	1219
1035	1219
1036	1220
1037	1221
1038	1221
1039	1221
1040	1221
1041	1221
1042	1221
1043	1221
1044	1221
1045	1221
1046	1221
1047	1221
1048	1221
1049	1221
1050	1220
1051	1220
1052	1219
1053	1219
1054	1219
1055	1219
1056	1219
1057	1219
1058	1219
1059	1219
1060	1219
1061	1219
1062	1219
1063	1219
1064	1219
1065	1219
1066	1218
1067	1218
1068	1217
1069	1217
1070	1217
1071	1217
1072	1217
1073	1217
1074	1217
1075	1217
1076	1217
1077	1217
1078	1217
1079	1217
1080	1217
1081	1217
1082	1217
1083	1217
1084	1217
1085	1217
1086	1217
1087	1217
1088	1217
1089	1217
1090	1217
1091	1217
1092	1217
1093	1217
1094	1217
1095	1218
1096	1219
1097	1219
1098	1219
1099	1219
1100	1219
1101	1219
1102	1219
1103	1219
1104	1219
1104	1218
1105	1217
1106	1217
1107	1217
1108	1217
1109	1217
1110	1217
1111	1217
1112	1217
1113	1217
1114	1217
1115	1217
1116	1217
1117	1217
1118	1217
1119	1217
1120	1217
1121	1217
1122	1217
1123	1217
1124	1217
1125	1217
1126	1217
1127	1217
1128	1217
1129	1217
1130	1217
1131	1217
1132	1216
1133	1216
1134	1216
1135	1215
1136	1215
1137	1214
1138	1213
1139	1213
1140	1213
1140	1212
1141	1211
1142	1211
1143	1211
1144	1211
1145	1210
1146	1210
1147	1209
1148	1208
1149	1207
1150	1206
1151	1205
1152	1204
1153	1204
1152	1203
1153	1202
1153	1201
1153	1200
1153	1199
1153	1198
1153	1197
1153	1196
1153	1195
1153	1194
1153	1193
1153	1192
1153	1191
1153	1190
1153	1189
1153	1188
1153	1187
1153	1186
1153	1185
1153	1184
1153	1183
1153	1182
1153	1181
1153	1180
1153	1179
1152	1178
1151	1177
1151	1176
1151	1175
1151	1174
1151	1173
1151	1172
1151	1171
1151	1170
1151	1169
1151	1168
1151	1167
1151	1166
1151	1165
1151	1164
1150	1163
1150	1162
1149	1161
1149	1160
1149	1159
1149	1158
1149	1157
1149	1156
1149	1155
1149	1154
1149	1153
1149	1152
1149	1151
1149	1150
1149	1149
1149	1148
1150	1147
1151	1146
1151	1145
1151	1144
1151	1143
1151	1142
1151	1141
1151	1140
1151	1139
1151	1138
1150	1137
1150	1136
1149	1135
1149	1134
1149	1133
1149	1132
1149	1131
1149	1130
1149	1129
1149	1128
1149	1127
1149	1126
1149	1125
1148	1125
1147	1124
1147	1123
1147	1122
1147	1121
1147	1120
1147	1119
1147	1118
1147	1117
1147	1116
1147	1115
1147	1114
1147	1113
1147	1112
1147	1111
1147	1110
1147	1109
1147	1108
1147	1107
1147	1106
1147	1105
1147	1104
1147	1103
1147	1102
1147	1101
1147	1100
1147	1099
1147	1098
1147	1097
1147	1096
1147	1095
1147	1094
1147	1093
1147	1092
1147	1091
1147	1090
1147	1089
1147	1088
1147	1087
1147	1086
1147	1085
1147	1084
1147	1083
1147	1082
1147	1081
1147	1080
1147	1079
1147	1078
1147	1077
1147	1076
1147	1075
1146	1075
1145	1074
1145	1073
1145	1072
1145	1071
1144	1070
1143	1069
1143	1068
1143	1067
1142	1066
1141	1065
1141	1064
1141	1063
1141	1062
1141	1061
1141	1060
1141	1059
1141	1058
1141	1057
1141	1056
1141	1055
1141	1054
1141	1053
1141	1052
1141	1051
1141	1050
1141	1049
1141	1048
1141	1047
1141	1046
1141	1045
1141	1044
1141	1043
1141	1042
1141	1041
1141	1040
1141	1039
1141	1038
1141	1037
1141	1036
1141	1035
1141	1034
1141	1033
1141	1032
1141	1031
1141	1030
1141	1029
1141	1028
1141	1027
1141	1026
1141	1025
1140	1024
1139	1023
1139	1022
1139	1021
1139	1020
1139	1019
1139	1018
1139	1017
1139	1016
1139	1015
1138	1014
1137	1013
1137	1012
1137	1011
1137	1010
1137	1009
1137	1008
1137	1007
1137	1006
1137	1005
1137	1004
1137	1003
1137	1002
1137	1001
1137	1000
1137	999
1137	998
1137	997
1137	996
1137	995
1137	994
1137	993
1137	992
1137	991
1137	990
1137	989
1137	988
1137	987
1137	986
1137	985
1137	984
1137	983
1137	982
1137	981
1137	980
1137	979
1137	978
1137	977
1137	976
1137	975
1137	974
1137	973
1137	972
1137	971
1137	970
1137	969
1137	968
1137	967
1137	966
1137	965
1137	964
1137	963
1137	962
1137	961
1137	960
1137	959
1137	958
1137	957
1137	956
1137	955
1137	954
1137	953
1137	952
1137	951
1137	950
1137	949
1137	948
1137	947
1137	946
1137	945
1137	944
1137	943
1137	942
1137	941
1137	940
1137	939
1136	939
1135	938
1135	937
1135	936
1135	935
1135	934
1135	933
1135	932
1135	931
1134	930
1133	929
1133	928
1133	927
1133	926
1133	925
1133	924
1133	923
1133	922
1133	921
1132	920
1131	919
1131	918
1131	917
1131	916
1131	915
1130	914
1129	913
1129	912
1129	911
1128	910
1128	909
1127	908
1127	907
1126	906
1125	906
1124	905
1124	904
1123	904
1122	903
1121	902
1120	901
1119	900
1118	899
1117	898
1116	897
1116	896
1115	895
1115	894
1114	893
1113	892
1112	891
1111	890
1110	889
1109	888
1108	887
1107	886
1106	885
1105	884
1104	884
1103	883
1102	882
1101	882
1100	882
1099	882
1098	882
1097	881
1096	881
1095	880
1094	879
1093	878
1092	878
1091	878
1090	878
1089	878
1088	878
1087	878
1086	877
1085	876
1084	876
1083	876
1082	876
1081	876
1080	876
1079	876
1078	876
1077	876
1076	876
1075	876
1074	876
1073	876
1072	876
1071	876
1070	876
1069	876
1068	876
1067	877
1066	878
1065	878
1064	878
1063	878
1062	878
1061	878
1060	878
1059	878
1058	878
1057	878
1056	878
1055	878
1054	878
1053	878
1052	878
1051	878
1050	878
1049	878
1048	878
1047	879
1046	880
1045	880
1045	881
1044	882
1043	882
1042	883
1041	884
1040	884
1039	884
1038	885
1037	886
1036	886
1035	886
1034	886
1033	886
1032	886
1031	886
1030	886
1029	887
1028	888
1027	889
1026	890
1025	891
1024	891
1024	892
1023	893
1022	894
1021	895
1020	896
1019	897
1018	898
1017	899
1016	900
1015	901
1014	902
1013	903
1012	904
1011	904
1011	905
1010	906
1009	907
1008	908
1007	909
1006	910
1006	911
1005	912
1005	913
1004	914
1003	915
1002	916
1001	917
1000	918
999	919
998	920
997	921
996	922
995	922
994	923
993	924
992	925
991	925
990	926
989	926
989	927
988	928
987	928
986	929
985	930
984	930
983	931
982	932
981	933
980	934
979	934
978	934
977	934
976	934
975	935
974	936
973	936
973	937
972	938
971	938
970	938
969	939
968	940
967	941
966	942
965	943
964	944
963	944
962	945
961	946
960	946
959	946
958	946
957	946
956	946
955	946
954	946
953	946
953	947
952	948
951	948
950	948
949	948
948	948
947	948
946	948
945	948
945	949
944	950
943	950
942	950
941	950
940	950
939	950
939	951
938	952
937	952
936	952
935	952
934	952
933	953
932	953
931	954
930	954
929	954
928	954
927	954
926	954
925	954
924	954
923	954
922	954
921	955
920	956
919	956
918	957
917	958
916	958
915	958
914	958
913	958
912	957
912	956
911	956
910	956
909	956
908	956
907	956
906	956
905	956
904	956
903	955
902	955
901	954
900	954
899	954
898	954
897	954
896	954
895	954
894	954
893	954
892	954
891	954
890	954
889	954
888	954
887	954
886	954
885	954
884	954
883	954
882	953
882	952
881	952
880	952
879	952
878	952
877	952
876	952
875	952
874	952
873	952
872	952
871	952
870	952
869	951
868	951
867	950
866	950
865	950
864	950
863	950
862	949
861	948
860	948
859	948
858	947
858	946
857	946
856	946
855	946
854	946
853	945
852	944
851	944
850	944
849	944
848	944
847	943
846	942
845	942
844	941
843	940
842	940
841	940
840	940
839	939
838	938
837	938
836	937
835	937
834	936
833	936
832	935
832	934
831	934
830	933
829	932
828	931
827	930
826	930
825	930
824	930
823	929
822	928
821	928
820	927
820	926
819	926
818	925
817	925
816	924
815	923
814	922
813	922
812	921
811	920
810	919
810	918
809	918
808	917
807	917
806	916
805	915
804	914
803	914
802	913
801	912
801	911
800	911
799	910
798	909
797	908
796	907
795	906
795	905
794	905
793	904
792	903
791	902
790	901
789	900
788	899
787	898
786	897
785	896
785	895
784	894
783	893
782	892
782	891
782	890
781	890
780	889
780	888
779	887
778	887
777	886
777	885
777	884
776	883
775	882
774	881
773	880
773	879
772	879
771	878
771	877
771	876
771	875
770	874
769	873
769	872
769	871
769	870
769	869
768	868
767	867
767	866
767	865
767	864
767	863
767	862
766	861
765	860
765	859
764	858
763	857
763	856
762	855
761	854
761	853
760	852
759	851
759	850
759	849
758	848
757	847
757	846
756	845
756	844
755	843
755	842
754	841
754	840
753	839
753	838
753	837
753	836
753	835
753	834
753	833
752	833
751	832
751	831
751	830
751	829
751	828
751	827
751	826
751	825
751	824
750	823
749	822
749	821
749	820
749	819
749	818
749	817
749	816
749	815
749	814
749	813
749	812
748	811
747	810
747	809
747	808
747	807
747	806
747	805
747	804
747	803
747	802
747	801
747	800
747	799
747	798
747	797
746	797
745	796
745	795
745	794
745	793
745	792
745	791
745	790
745	789
745	788
745	787
745	786
745	785
745	784
745	783
745	782
745	781
745	780
745	779
745	778
745	777
744	776
743	775
743	774
743	773
743	772
743	771
743	770
743	769
743	768
743	767
743	766
743	765
743	764
743	763
743	762
743	761
743	760
743	759
743	758
743	757
743	756
743	755
743	754
744	753
745	752
745	751
745	750
746	749
747	748
747	747
747	746
747	745
747	744
747	743
747	742
747	741
747	740
747	739
747	738
747	737
747	736
747	735
748	734
749	734
749	733
750	732
751	731
751	730
751	729
752	728
753	727
753	726
754	725
755	724
756	723
756	722
757	721
758	720
759	719
759	718
759	717
760	716
761	716
760	715
761	714
761	713
761	712
761	711
762	710
763	710
763	709
763	708
764	707
765	706
765	705
766	704
767	703
768	702
769	701
770	700
771	699
772	698
773	697
773	696
774	695
775	694
775	693
776	692
777	692
778	691
779	690
780	690
781	689
782	688
783	687
784	686
785	685
786	684
787	683
788	682
789	681
789	680
790	679
790	678
791	677
792	676
793	676
794	675
794	674
795	673
796	672
797	671
798	670
799	670
799	669
800	668
801	667
802	667
803	667
804	666
805	665
806	664
807	664
808	663
809	663
810	663
811	663
812	662
813	662
813	661
814	660
815	659
816	659
816	658
817	657
818	656
819	656
819	655
820	654
821	653
822	652
823	651
824	650
825	649
826	649
827	649
828	648
829	647
830	647
831	647
832	646
833	646
834	645
835	644
836	644
837	643
838	643
838	642
839	641
840	641
841	641
842	641
842	640
843	639
844	638
845	637
846	637
847	637
848	637
849	637
850	637
850	636
851	635
852	635
853	635
854	635
855	634
856	633
857	633
858	633
859	632
860	631
861	631
862	631
863	630
864	629
865	629
866	629
867	629
868	629
869	629
870	629
871	629
872	629
873	629
874	629
875	629
876	629
877	629
878	629
879	629
880	628
881	627
882	627
883	627
884	627
885	627
886	627
887	627
888	627
889	627
890	627
891	627
892	627
893	627
894	627
895	627
896	627
897	627
898	627
899	627
900	628
901	629
902	629
903	629
904	629
905	629
906	629
907	629
908	629
909	629
910	629
911	629
912	629
913	629
914	628
915	628
916	627
917	627
918	627
919	627
920	628
921	629
922	629
923	629
924	629
925	629
926	630
927	631
928	631
929	631
930	632
931	633
932	633
933	633
934	633
935	634
935	635
936	635
937	635
938	635
939	635
940	635
941	635
942	635
943	635
944	635
945	635
946	635
947	635
948	635
949	635
950	635
951	635
952	635
953	635
954	635
955	635
956	636
957	636
958	637
959	637
960	637
961	637
962	638
963	639
964	639
965	640
966	641
967	641
968	641
969	641
970	641
971	642
971	643
972	643
973	644
974	645
975	645
976	645
977	646
978	647
979	648
980	649
981	650
982	651
983	652
984	652
985	653
986	654
987	655
988	655
989	656
990	657
991	658
992	659
993	659
994	660
995	661
996	661
997	662
998	663
999	664
1000	665
1001	665
1002	665
1003	666
1004	667
1005	668
1006	669
1006	670
1007	671
1008	671
1009	672
1010	673
1011	673
1012	674
1013	675
1014	675
1015	676
1016	677
1017	678
1018	679
1019	680
1019	681
1020	681
1021	681
1022	682
1023	683
1024	683
1025	684
1026	685
1027	685
1028	685
1029	685
1030	685
1031	685
1032	686
1033	687
1034	687
1035	688
1036	689
1037	690
1038	691
1039	691
1040	691
1041	691
1042	691
1043	691
1044	691
1045	691
1046	691
1046	690
1047	689
1048	689
1049	689
1050	689
1051	689
1052	689
1053	689
1054	689
1055	689
1056	689
1057	689
1058	689
1059	689
1060	689
1061	689
1062	689
1063	689
1064	689
1065	689
1066	689
1067	689
1068	689
1068	688
1069	687
1070	687
1071	687
1072	686
1073	686
1074	685
1075	685
1076	685
1077	684
1078	684
1079	683
1080	683
1081	682
1082	681
1083	681
1084	681
1085	681
1086	680
1087	679
1088	678
1089	677
1090	676
1091	675
1092	675
1092	674
1093	673
1094	672
1095	671
1096	671
1096	670
1097	669
1098	669
1098	668
1099	667
1100	666
1101	665
1102	665
1103	664
1103	663
1104	662
1105	661
1106	661
1107	660
1107	659
1107	658
1107	657
1107	656
1108	655
1108	654
1109	653
1109	652
1110	651
1111	650
1111	649
1112	648
1113	647
1113	646
1114	645
1114	644
1115	643
1116	642
1116	641
1117	640
1118	639
1119	638
1119	637
1119	636
1119	635
1119	634
1119	633
1119	632
1119	631
1119	630
1119	629
1119	628
1119	627
1119	626
1119	625
1119	624
1119	623
1119	622
1119	621
1119	620
1119	619
1119	618
1119	617
1119	616
1119	615
1119	614
1119	613
1119	612
1119	611
1119	610
1119	609
1119	608
1119	607
1119	606
1119	605
1119	604
1119	603
1119	602
1119	601
1119	600
1119	599
1119	598
1118	597
1117	596
1117	595
1117	594
1117	593
1117	592
1117	591
1117	590
1117	589
1117	588
1117	587
1117	586
1117	585
1117	584
1116	583
1116	582
1115	581
1115	580
1114	579
1113	578
1112	577
1111	576
1111	575
1110	575
1109	574
1109	573
1109	572
1109	571
1109	570
1109	569
1109	568
1110	567
1111	566
1111	565
1111	564
1111	563
1111	562
1111	561
1111	560
1112	559
1112	558
1113	557
1113	556
1113	555
1113	554
1113	553
1113	552
1114	551
1115	550
1115	549
1116	548
1116	547
1117	546
1117	545
1117	544
1117	543
1117	542
1117	541
1117	540
1117	539
1117	538
1117	537
1117	536
1116	535
1115	534
1115	533
1115	532
1115	531
1115	530
1115	529
1115	528
1115	527
1115	526
1115	525
1115	524
1115	523
1115	522
1115	521
1115	520
1115	519
1115	518
1115	517
1115	516
1115	515
1115	514
1115	513
1115	512
1115	511
1115	510
1115	509
1115	508
1115	507
1115	506
1115	505
1115	504
1115	503
1115	502
1115	501
1115	500
1115	499
1115	498
1115	497
1115	496
1115	495
1115	494
1115	493
1115	492
1115	491
1114	490
1113	489
1113	488
1113	487
1113	486
1113	485
1113	484
1113	483
1113	482
1113	481
1113	480
1113	479
1113	478
1113	477
1113	476
1113	475
1113	474
1113	473
1113	472
1113	471
1113	470
1113	469
1113	468
1113	467
1113	466
1113	465
1113	464
1113	463
1113	462
1113	461
1113	460
1113	459
1113	458
1113	457
1113	456
1113	455
1112	454
1111	453
1111	452
1111	451
1111	450
1111	449
1111	448
1111	447
1111	446
1111	445
1111	444
1111	443
1111	442
1111	441
1111	440
1111	439
1111	438
1111	437
1111	436
1111	435
1111	434
1111	433
1111	432
1111	431
1111	430
1111	429
1111	428
1111	427
1111	426
1111	425
1111	424
1111	423
1111	422
1111	421
1111	420
1111	419
1111	418
1111	417
1111	416
1111	415
1111	414
1111	413
1111	412
1111	411
1111	410
1111	409
1111	408
1111	407
1110	407
1109	406
1109	405
1109	404
1109	403
1109	402
1109	401
1109	400
1109	399
1109	398
1109	397
1109	396
1109	395
1109	394
1109	393
1109	392
1109	391
1109	390
1109	389
1109	388
1109	387
1109	386
1109	385
1109	384
1109	383
1109	382
1109	381
1109	380
1109	379
1109	378
1109	377
1109	376
1109	375
1109	374
1109	373
1109	372
1108	371
1107	370
1107	369
1107	368
1107	367
1107	366
1107	365
1107	364
1107	363
1107	362
1107	361
1107	360
1107	359
1107	358
1107	357
1107	356
1107	355
1107	354
1107	353
1107	352
1107	351
1107	350
1107	349
1107	348
1107	347
1106	346
1105	345
1105	344
1105	343
1105	342
1105	341
1105	340
1104	339
1103	338
1102	338
1101	338
1100	338
1099	338
1098	338
1097	338
1096	338
1095	338
1094	338
1093	338
1092	338
1091	338
1090	338
1089	338
1088	338
1087	338
1086	338
1085	338
1084	338
1083	338
1082	338
1081	338
1080	338
1079	338
1078	338
1077	338
1076	338
1075	338
1074	338
1073	338
1072	338
1071	338
1070	338
1069	338
1068	338
1067	338
1066	338
1065	338
1064	338
1063	338
1062	338
1061	338
1060	338
1059	338
1058	338
1057	338
1056	339
1055	340
1054	340
1053	340
1052	340
1051	340
1050	340
1049	340
1048	340
1047	340
1046	340
1045	340
1044	340
1043	340
1042	340
1041	340
1040	340
1039	340
1038	340
1037	340
1036	340
1035	340
1034	340
1033	340
1032	340
1031	340
1030	340
1029	340
1028	340
1027	340
1026	340
1025	340
1024	340
1023	340
1022	340
1021	340
1020	340
1019	340
1018	340
1017	340
1016	340
1015	340
1014	340
1013	340
1012	340
1011	341
1010	341
1009	342
1008	342
1007	342
1006	342
1005	342
1004	342
1003	342
1002	342
1001	342
1000	342
999	342
998	342
997	342
996	342
995	342
994	342
993	342
992	342
991	342
990	342
989	342
988	342
987	342
986	342
985	342
984	342
983	342
982	342
981	342
980	342
979	342
978	342
977	342
976	342
975	342
974	342
973	342
972	342
971	342
970	342
969	342
968	342
967	342
966	342
965	342
964	342
963	342
962	342
961	342
960	342
959	342
958	342
957	342
956	343
955	344
954	344
953	344
952	344
951	344
950	344
949	344
948	344
947	344
946	344
945	344
944	344
943	344
942	344
941	344
940	344
939	344
938	344
937	344
936	345
935	346
934	346
933	346
932	346
931	346
930	346
929	346
928	346
927	346
926	346
925	346
924	346
923	346
922	346
921	346
920	346
919	346
918	346
917	346
916	346
915	346
914	346
913	346
912	346
911	346
910	346
909	346
908	346
907	346
906	346
905	346
904	346
903	347
902	348
901	348
900	348
899	348
898	348
897	348
896	348
895	348
894	348
893	348
892	348
891	348
890	348
889	348
888	348
887	348
886	348
885	348
884	348
883	348
882	348
881	348
880	348
879	349
878	349
877	350
876	350
875	350
874	350
873	350
872	350
871	350
870	350
869	350
868	350
867	350
866	350
865	350
864	350
863	350
862	350
861	350
860	350
859	350
858	350
857	350
856	350
855	350
854	350
853	350
852	350
851	350
850	350
849	350
848	350
847	350
846	350
845	350
844	350
843	350
842	350
841	350
840	350
839	350
838	350
837	350
836	350
835	350
834	350
833	350
832	350
831	350
830	350
829	350
828	350
827	350
826	350
825	350
824	350
823	350
822	350
821	350
820	350
819	350
818	350
817	350
816	350
815	350
814	350
813	350
812	350
811	350
810	350
809	350
808	350
807	350
806	350
805	350
804	350
803	350
802	350
801	350
800	350
799	350
798	350
797	350
796	350
795	350
794	350
793	350
792	350
791	350
790	350
789	350
789	351
788	352
787	352
786	352
785	352
784	352
783	353
782	354
781	354
780	354
779	354
778	354
777	354
776	354
775	354
774	354
773	354
772	354
771	354
770	354
769	354
768	354
767	354
766	354
765	354
764	354
763	354
762	354
761	354
760	354
759	354
758	354
757	354
756	354
755	354
754	355
753	356
752	356
751	356
750	356
749	356
748	356
747	356
746	356
745	356
744	356
743	356
742	356
741	356
740	356
739	356
738	356
737	356
736	356
735	356
734	356
733	356
732	356
731	357
730	357
729	358
728	358
727	358
726	358
725	358
724	358
723	358
722	358
721	358
720	358
719	358
718	358
717	358
716	358
715	357
714	357
713	356
712	356
711	356
710	356
709	356
708	356
707	356
706	356
705	356
704	356
703	356
702	356
701	356
700	356
699	356
698	356
697	356
696	356
695	355
694	354
693	354
692	354
691	354
690	354
689	353
688	352
687	352
686	352
685	351
684	350
683	350
682	350
681	350
680	350
679	350
678	350
677	350
676	350
675	349
674	349
673	348
672	348
671	347
670	346
669	346
668	345
667	344
666	343
665	342
664	341
663	341
662	340
661	339
660	339
659	338
658	337
657	336
656	335
655	334
654	333
653	332
652	331
651	330
651	329
650	329
649	328
649	327
649	326
648	325
647	324
646	323
646	322
645	322
644	321
644	320
643	319
643	318
643	317
643	316
643	315
643	314
642	313
641	312
641	311
640	311
639	310
638	309
637	308
637	307
637	306
637	305
637	304
637	303
637	302
637	301
637	300
636	299
636	298
635	297
635	296
635	295
634	294
633	293
633	292
633	291
633	290
633	289
633	288
633	287
633	286
633	285
633	284
633	283
633	282
633	281
633	280
633	279
633	278
633	277
632	277
631	276
631	275
631	274
631	273
631	272
631	271
631	270
631	269
632	268
633	268
633	267
634	266
635	265
636	264
637	263
637	262
637	261
637	260
637	259
637	258
637	257
637	256
637	255
637	254
637	253
637	252
637	251
637	250
637	249
637	248
637	247
637	246
637	245
638	244
639	244
640	243
640	242
641	241
642	241
643	240
644	241
644	240
645	239
646	239
647	238
647	237
648	236
649	236
649	235
650	234
651	234
651	233
652	232
653	231
654	231
655	230
655	229
656	228
657	227
658	227
658	226
659	225
660	225
660	224
661	223
662	222
663	221
664	220
665	219
666	218
667	217
668	217
669	217
668	216
669	215
670	215
671	215
672	214
673	214
672	213
673	212
674	211
674	210
675	209
675	208
676	207
677	206
677	205
678	204
679	204
679	203
680	202
681	201
682	201
682	200
683	199
684	198
685	197
686	196
687	195
688	194
689	193
690	192
691	192
691	191
692	190
693	189
694	188
695	187
696	186
697	185
698	184
699	183
700	182
701	181
702	180
703	179
704	178
705	178
705	177
706	176
707	175
708	174
708	173
709	172
709	171
710	170
711	169
712	168
713	167
714	167
715	166
715	165
715	164
715	163
715	162
715	161
715	160
715	159
715	158
715	157
715	156
715	155
715	154
715	153
715	152
715	151
715	150
715	149
715	148
715	147
715	146
715	145
715	144
715	143
715	142
715	141
715	140
715	139
715	138
715	137
715	136
715	135
715	134
715	133
715	132
715	131
715	130
715	129
715	128
715	127
715	126
715	125
715	124
715	123
715	122
714	121
713	120
712	119
711	118
710	117
709	116
708	115
707	114
706	113
705	112
705	111
704	110
703	109
702	108
702	107
702	106
701	106
700	105
700	104
699	103
699	102
699	101
699	100
698	99
698	98
697	97
697	96
697	95
697	94
697	93
697	92
696	91
696	90
695	89
695	88
695	87
694	86
693	85
693	84
692	83
691	82
691	81
691	80
690	79
690	78
689	77
689	76
689	75
689	74
688	73
687	72
686	71
685	70
684	69
683	68
683	67
682	66
681	65
681	64
681	63
680	62
680	61
679	60
679	59
678	58
677	58
676	57
675	56
674	55
673	54
673	53
672	53
671	52
670	51
669	50
668	49
667	48
666	47
665	46
664	45
663	44
663	43
662	42
661	42
660	41
659	40
658	40
657	39
656	39
655	38
654	38
653	38
652	37
651	36
650	35
649	34
648	33
647	32
646	31
645	30
644	29
643	29
642	28
641	28
640	28
639	27
638	26
637	26
636	26
635	26
634	25
633	24
632	24
631	23
630	23
629	22
628	22
627	21
626	21
625	20
624	20
623	20
622	20
621	20
620	20
619	19
618	19
617	18
616	18
615	18
614	18
613	18
612	18
611	17
610	17
609	16
608	15
607	14
606	14
605	14
604	14
603	14
602	13
602	12
601	12
600	12
599	12
598	12
597	12
596	11
596	10
595	10
594	10
593	9
592	8
591	8
590	8
589	8
588	8
587	8
586	8
585	8
584	8
583	8
582	8
581	7
580	6
579	6
578	5
577	4
576	4
575	3
574	3
573	2
572	2
571	2
570	2
569	2
568	2
567	2
566	2
565	2
564	2
563	2
562	2
561	2
560	1
560	0
559	0
558	0
557	0
556	0
555	0
554	0
553	0
552	0
551	0
550	0
549	0
548	0
547	0
546	0
545	0
544	0
543	0
542	0
541	0
540	0
539	0
538	0
537	0
536	0
535	0
534	0
533	0
532	0
531	0
530	0
529	0
528	0
527	0
526	0
525	0
524	0
523	0
522	0
521	0
520	0
519	0
518	0
517	0
516	0
515	0
514	0
513	0
512	0
