[[[ 227,   0]],

 [[ 226,   1]],

 [[ 225,   1]],

 [[ 224,   1]],

 [[ 223,   1]],

 [[ 222,   1]],

 [[ 221,   1]],

 [[ 220,   1]],

 [[ 219,   1]],

 [[ 218,   1]],

 [[ 217,   1]],

 [[ 216,   1]],

 [[ 215,   1]],

 [[ 214,   1]],

 [[ 213,   2]],

 [[ 212,   2]],

 [[ 211,   2]],

 [[ 210,   2]],

 [[ 209,   2]],

 [[ 208,   2]],

 [[ 207,   2]],

 [[ 206,   2]],

 [[ 205,   2]],

 [[ 204,   2]],

 [[ 203,   2]],

 [[ 202,   2]],

 [[ 201,   2]],

 [[ 200,   2]],

 [[ 199,   2]],

 [[ 198,   2]],

 [[ 197,   2]],

 [[ 196,   2]],

 [[ 195,   2]],

 [[ 194,   2]],

 [[ 193,   2]],

 [[ 192,   2]],

 [[ 191,   2]],

 [[ 190,   2]],

 [[ 189,   2]],

 [[ 188,   2]],

 [[ 187,   2]],

 [[ 186,   2]],

 [[ 185,   2]],

 [[ 184,   2]],

 [[ 183,   3]],

 [[ 182,   3]],

 [[ 181,   2]],

 [[ 180,   2]],

 [[ 179,   3]],

 [[ 178,   3]],

 [[ 177,   3]],

 [[ 176,   3]],

 [[ 175,   3]],

 [[ 174,   3]],

 [[ 173,   3]],

 [[ 172,   3]],

 [[ 171,   4]],

 [[ 170,   4]],

 [[ 169,   4]],

 [[ 168,   4]],

 [[ 167,   4]],

 [[ 166,   4]],

 [[ 165,   5]],

 [[ 164,   5]],

 [[ 163,   5]],

 [[ 162,   5]],

 [[ 161,   5]],

 [[ 160,   5]],

 [[ 159,   6]],

 [[ 158,   6]],

 [[ 157,   6]],

 [[ 156,   6]],

 [[ 155,   7]],

 [[ 154,   7]],

 [[ 153,   7]],

 [[ 152,   7]],

 [[ 151,   8]],

 [[ 150,   8]],

 [[ 149,   8]],

 [[ 148,   8]],

 [[ 147,   8]],

 [[ 146,   9]],

 [[ 145,   9]],

 [[ 144,   9]],

 [[ 143,   9]],

 [[ 142,  10]],

 [[ 141,  10]],

 [[ 140,  10]],

 [[ 139,  10]],

 [[ 138,  11]],

 [[ 137,  11]],

 [[ 136,  11]],

 [[ 135,  12]],

 [[ 134,  12]],

 [[ 133,  12]],

 [[ 132,  13]],

 [[ 131,  13]],

 [[ 130,  13]],

 [[ 129,  14]],

 [[ 128,  14]],

 [[ 127,  15]],

 [[ 126,  15]],

 [[ 125,  16]],

 [[ 124,  16]],

 [[ 123,  16]],

 [[ 122,  17]],

 [[ 121,  17]],

 [[ 120,  18]],

 [[ 119,  18]],

 [[ 118,  19]],

 [[ 117,  19]],

 [[ 116,  20]],

 [[ 115,  20]],

 [[ 114,  21]],

 [[ 113,  21]],

 [[ 112,  22]],

 [[ 111,  23]],

 [[ 110,  23]],

 [[ 109,  24]],

 [[ 108,  25]],

 [[ 107,  26]],

 [[ 106,  26]],

 [[ 105,  27]],

 [[ 104,  28]],

 [[ 103,  29]],

 [[ 102,  29]],

 [[ 101,  30]],

 [[ 100,  31]],

 [[  99,  32]],

 [[  98,  32]],

 [[  97,  33]],

 [[  96,  33]],

 [[  95,  34]],

 [[  94,  35]],

 [[  93,  36]],

 [[  92,  37]],

 [[  91,  38]],

 [[  90,  38]],

 [[  89,  39]],

 [[  88,  40]],

 [[  87,  41]],

 [[  86,  42]],

 [[  85,  43]],

 [[  84,  44]],

 [[  83,  45]],

 [[  82,  46]],

 [[  81,  47]],

 [[  80,  48]],

 [[  79,  49]],

 [[  78,  50]],

 [[  77,  51]],

 [[  76,  52]],

 [[  75,  53]],

 [[  74,  54]],

 [[  73,  55]],

 [[  72,  56]],

 [[  72,  57]],

 [[  71,  58]],

 [[  70,  59]],

 [[  69,  60]],

 [[  68,  61]],

 [[  67,  62]],

 [[  67,  63]],

 [[  66,  64]],

 [[  66,  65]],

 [[  65,  66]],

 [[  64,  67]],

 [[  64,  68]],

 [[  63,  69]],

 [[  62,  70]],

 [[  62,  71]],

 [[  61,  72]],

 [[  61,  73]],

 [[  60,  74]],

 [[  59,  75]],

 [[  58,  76]],

 [[  58,  77]],

 [[  57,  78]],

 [[  57,  79]],

 [[  56,  80]],

 [[  55,  81]],

 [[  55,  82]],

 [[  54,  83]],

 [[  54,  84]],

 [[  53,  85]],

 [[  53,  86]],

 [[  52,  87]],

 [[  52,  88]],

 [[  52,  89]],

 [[  51,  90]],

 [[  51,  91]],

 [[  50,  92]],

 [[  50,  93]],

 [[  50,  94]],

 [[  49,  95]],

 [[  49,  96]],

 [[  48,  97]],

 [[  48,  98]],

 [[  47,  99]],

 [[  47, 100]],

 [[  47, 101]],

 [[  46, 102]],

 [[  46, 103]],

 [[  45, 104]],

 [[  45, 105]],

 [[  45, 106]],

 [[  44, 107]],

 [[  44, 108]],

 [[  44, 109]],

 [[  44, 110]],

 [[  43, 111]],

 [[  43, 112]],

 [[  43, 113]],

 [[  43, 114]],

 [[  42, 115]],

 [[  42, 116]],

 [[  42, 117]],

 [[  42, 118]],

 [[  42, 119]],

 [[  42, 120]],

 [[  41, 121]],

 [[  41, 122]],

 [[  41, 123]],

 [[  40, 124]],

 [[  40, 125]],

 [[  40, 126]],

 [[  40, 127]],

 [[  40, 128]],

 [[  39, 129]],

 [[  39, 130]],

 [[  39, 131]],

 [[  39, 132]],

 [[  39, 133]],

 [[  39, 134]],

 [[  39, 135]],

 [[  39, 136]],

 [[  38, 137]],

 [[  38, 138]],

 [[  38, 139]],

 [[  38, 140]],

 [[  38, 141]],

 [[  38, 142]],

 [[  38, 143]],

 [[  38, 144]],

 [[  38, 145]],

 [[  38, 146]],

 [[  38, 147]],

 [[  37, 148]],

 [[  37, 149]],

 [[  37, 150]],

 [[  37, 151]],

 [[  37, 152]],

 [[  37, 153]],

 [[  37, 154]],

 [[  37, 155]],

 [[  37, 156]],

 [[  37, 157]],

 [[  37, 158]],

 [[  37, 159]],

 [[  37, 160]],

 [[  36, 161]],

 [[  36, 162]],

 [[  36, 163]],

 [[  36, 164]],

 [[  36, 165]],

 [[  36, 166]],

 [[  36, 167]],

 [[  36, 168]],

 [[  36, 169]],

 [[  36, 170]],

 [[  36, 171]],

 [[  36, 172]],

 [[  36, 173]],

 [[  35, 174]],

 [[  35, 175]],

 [[  35, 176]],

 [[  35, 177]],

 [[  35, 178]],

 [[  35, 179]],

 [[  35, 180]],

 [[  35, 181]],

 [[  35, 182]],

 [[  35, 183]],

 [[  35, 184]],

 [[  35, 185]],

 [[  34, 186]],

 [[  34, 187]],

 [[  34, 188]],

 [[  34, 189]],

 [[  34, 190]],

 [[  34, 191]],

 [[  34, 192]],

 [[  34, 193]],

 [[  34, 194]],

 [[  34, 195]],

 [[  34, 196]],

 [[  34, 197]],

 [[  33, 198]],

 [[  33, 199]],

 [[  33, 200]],

 [[  33, 201]],

 [[  33, 202]],

 [[  33, 203]],

 [[  33, 204]],

 [[  33, 205]],

 [[  33, 206]],

 [[  33, 207]],

 [[  33, 208]],

 [[  33, 209]],

 [[  33, 210]],

 [[  33, 211]],

 [[  33, 212]],

 [[  33, 213]],

 [[  33, 214]],

 [[  33, 215]],

 [[  33, 216]],

 [[  33, 217]],

 [[  33, 218]],

 [[  33, 219]],

 [[  33, 220]],

 [[  33, 221]],

 [[  32, 222]],

 [[  32, 223]],

 [[  32, 224]],

 [[  32, 225]],

 [[  32, 226]],

 [[  32, 227]],

 [[  32, 228]],

 [[  31, 229]],

 [[  31, 230]],

 [[  31, 231]],

 [[  31, 232]],

 [[  31, 233]],

 [[  31, 234]],

 [[  31, 235]],

 [[  31, 236]],

 [[  31, 237]],

 [[  31, 238]],

 [[  31, 239]],

 [[  31, 240]],

 [[  31, 241]],

 [[  30, 242]],

 [[  30, 243]],

 [[  30, 244]],

 [[  30, 245]],

 [[  30, 246]],

 [[  30, 247]],

 [[  30, 248]],

 [[  30, 249]],

 [[  30, 250]],

 [[  30, 251]],

 [[  30, 252]],

 [[  30, 253]],

 [[  30, 254]],

 [[  30, 255]],

 [[  30, 256]],

 [[  30, 257]],

 [[  30, 258]],

 [[  30, 259]],

 [[  30, 260]],

 [[  30, 261]],

 [[  30, 262]],

 [[  30, 263]],

 [[  30, 264]],

 [[  30, 265]],

 [[  29, 266]],

 [[  29, 267]],

 [[  29, 268]],

 [[  29, 269]],

 [[  29, 270]],

 [[  29, 271]],

 [[  29, 272]],

 [[  29, 273]],

 [[  29, 274]],

 [[  29, 275]],

 [[  29, 276]],

 [[  29, 277]],

 [[  29, 278]],

 [[  29, 279]],

 [[  29, 280]],

 [[  29, 281]],

 [[  29, 282]],

 [[  29, 283]],

 [[  29, 284]],

 [[  29, 285]],

 [[  29, 286]],

 [[  29, 287]],

 [[  29, 288]],

 [[  29, 289]],

 [[  29, 290]],

 [[  29, 291]],

 [[  29, 292]],

 [[  29, 293]],

 [[  29, 294]],

 [[  29, 295]],

 [[  29, 296]],

 [[  29, 297]],

 [[  29, 298]],

 [[  29, 299]],

 [[  28, 300]],

 [[  28, 301]],

 [[  28, 302]],

 [[  28, 303]],

 [[  28, 304]],

 [[  28, 305]],

 [[  28, 306]],

 [[  28, 307]],

 [[  28, 308]],

 [[  28, 309]],

 [[  28, 310]],

 [[  28, 311]],

 [[  28, 312]],

 [[  28, 313]],

 [[  28, 314]],

 [[  28, 315]],

 [[  28, 316]],

 [[  28, 317]],

 [[  28, 318]],

 [[  28, 319]],

 [[  28, 320]],

 [[  28, 321]],

 [[  28, 322]],

 [[  28, 323]],

 [[  28, 324]],

 [[  28, 325]],

 [[  28, 326]],

 [[  28, 327]],

 [[  28, 328]],

 [[  27, 329]],

 [[  27, 330]],

 [[  27, 331]],

 [[  27, 332]],

 [[  27, 333]],

 [[  26, 334]],

 [[  26, 335]],

 [[  26, 336]],

 [[  26, 337]],

 [[  26, 338]],

 [[  26, 339]],

 [[  26, 340]],

 [[  26, 341]],

 [[  25, 342]],

 [[  25, 343]],

 [[  25, 344]],

 [[  25, 345]],

 [[  25, 346]],

 [[  25, 347]],

 [[  25, 348]],

 [[  25, 349]],

 [[  24, 350]],

 [[  24, 351]],

 [[  24, 352]],

 [[  24, 353]],

 [[  24, 354]],

 [[  24, 355]],

 [[  24, 356]],

 [[  24, 357]],

 [[  24, 358]],

 [[  24, 359]],

 [[  24, 360]],

 [[  24, 361]],

 [[  24, 362]],

 [[  24, 363]],

 [[  24, 364]],

 [[  24, 365]],

 [[  24, 366]],

 [[  24, 367]],

 [[  24, 368]],

 [[  24, 369]],

 [[  24, 370]],

 [[  24, 371]],

 [[  24, 372]],

 [[  24, 373]],

 [[  24, 374]],

 [[  24, 375]],

 [[  24, 376]],

 [[  24, 377]],

 [[  24, 378]],

 [[  24, 379]],

 [[  24, 380]],

 [[  24, 381]],

 [[  24, 382]],

 [[  24, 383]],

 [[  23, 384]],

 [[  23, 385]],

 [[  23, 386]],

 [[  23, 387]],

 [[  23, 388]],

 [[  23, 389]],

 [[  23, 390]],

 [[  23, 391]],

 [[  23, 392]],

 [[  23, 393]],

 [[  23, 394]],

 [[  23, 395]],

 [[  23, 396]],

 [[  22, 397]],

 [[  22, 398]],

 [[  22, 399]],

 [[  22, 400]],

 [[  22, 401]],

 [[  22, 402]],

 [[  22, 403]],

 [[  22, 404]],

 [[  22, 405]],

 [[  22, 406]],

 [[  22, 407]],

 [[  22, 408]],

 [[  22, 409]],

 [[  22, 410]],

 [[  22, 411]],

 [[  21, 412]],

 [[  21, 413]],

 [[  21, 414]],

 [[  21, 415]],

 [[  21, 416]],

 [[  21, 417]],

 [[  21, 418]],

 [[  21, 419]],

 [[  21, 420]],

 [[  21, 421]],

 [[  21, 422]],

 [[  21, 423]],

 [[  21, 424]],

 [[  20, 425]],

 [[  20, 426]],

 [[  20, 427]],

 [[  20, 428]],

 [[  20, 429]],

 [[  20, 430]],

 [[  20, 431]],

 [[  20, 432]],

 [[  20, 433]],

 [[  20, 434]],

 [[  20, 435]],

 [[  21, 436]],

 [[  21, 437]],

 [[  21, 438]],

 [[  21, 439]],

 [[  21, 440]],

 [[  21, 441]],

 [[  21, 442]],

 [[  21, 443]],

 [[  21, 444]],

 [[  21, 445]],

 [[  21, 446]],

 [[  21, 447]],

 [[  21, 448]],

 [[  21, 449]],

 [[  20, 450]],

 [[  20, 451]],

 [[  20, 452]],

 [[  20, 453]],

 [[  20, 454]],

 [[  20, 455]],

 [[  20, 456]],

 [[  19, 457]],

 [[  19, 458]],

 [[  19, 459]],

 [[  19, 460]],

 [[  19, 461]],

 [[  19, 462]],

 [[  19, 463]],

 [[  19, 464]],

 [[  19, 465]],

 [[  19, 466]],

 [[  19, 467]],

 [[  19, 468]],

 [[  18, 469]],

 [[  18, 470]],

 [[  18, 471]],

 [[  18, 472]],

 [[  18, 473]],

 [[  18, 474]],

 [[  18, 475]],

 [[  18, 476]],

 [[  18, 477]],

 [[  18, 478]],

 [[  18, 479]],

 [[  18, 480]],

 [[  18, 481]],

 [[  18, 482]],

 [[  18, 483]],

 [[  18, 484]],

 [[  18, 485]],

 [[  18, 486]],

 [[  18, 487]],

 [[  18, 488]],

 [[  18, 489]],

 [[  18, 490]],

 [[  18, 491]],

 [[  18, 492]],

 [[  18, 493]],

 [[  18, 494]],

 [[  18, 495]],

 [[  18, 496]],

 [[  18, 497]],

 [[  18, 498]],

 [[  18, 499]],

 [[  18, 500]],

 [[  18, 501]],

 [[  18, 502]],

 [[  18, 503]],

 [[  19, 504]],

 [[  19, 505]],

 [[  19, 506]],

 [[  19, 507]],

 [[  19, 508]],

 [[  19, 509]],

 [[  19, 510]],

 [[  19, 511]],

 [[  19, 512]],

 [[  19, 513]],

 [[  18, 514]],

 [[  18, 515]],

 [[  18, 516]],

 [[  18, 517]],

 [[  18, 518]],

 [[  18, 519]],

 [[  18, 520]],

 [[  18, 521]],

 [[  17, 522]],

 [[  17, 523]],

 [[  17, 524]],

 [[  17, 525]],

 [[  17, 526]],

 [[  17, 527]],

 [[  17, 528]],

 [[  17, 529]],

 [[  17, 530]],

 [[  17, 531]],

 [[  17, 532]],

 [[  17, 533]],

 [[  17, 534]],

 [[  17, 535]],

 [[  17, 536]],

 [[  17, 537]],

 [[  17, 538]],

 [[  16, 539]],

 [[  16, 540]],

 [[  16, 541]],

 [[  16, 542]],

 [[  16, 543]],

 [[  16, 544]],

 [[  16, 545]],

 [[  16, 546]],

 [[  16, 547]],

 [[  16, 548]],

 [[  16, 549]],

 [[  16, 550]],

 [[  16, 551]],

 [[  15, 552]],

 [[  15, 553]],

 [[  15, 554]],

 [[  15, 555]],

 [[  15, 556]],

 [[  15, 557]],

 [[  15, 558]],

 [[  15, 559]],

 [[  15, 560]],

 [[  15, 561]],

 [[  15, 562]],

 [[  15, 563]],

 [[  15, 564]],

 [[  15, 565]],

 [[  15, 566]],

 [[  15, 567]],

 [[  15, 568]],

 [[  15, 569]],

 [[  15, 570]],

 [[  15, 571]],

 [[  15, 572]],

 [[  15, 573]],

 [[  15, 574]],

 [[  15, 575]],

 [[  15, 576]],

 [[  15, 577]],

 [[  15, 578]],

 [[  14, 579]],

 [[  14, 580]],

 [[  14, 581]],

 [[  14, 582]],

 [[  14, 583]],

 [[  14, 584]],

 [[  14, 585]],

 [[  14, 586]],

 [[  14, 587]],

 [[  13, 588]],

 [[  13, 589]],

 [[  13, 590]],

 [[  13, 591]],

 [[  13, 592]],

 [[  13, 593]],

 [[  13, 594]],

 [[  13, 595]],

 [[  13, 596]],

 [[  13, 597]],

 [[  13, 598]],

 [[  13, 599]],

 [[  13, 600]],

 [[  13, 601]],

 [[  13, 602]],

 [[  13, 603]],

 [[  13, 604]],

 [[  13, 605]],

 [[  13, 606]],

 [[  13, 607]],

 [[  13, 608]],

 [[  13, 609]],

 [[  13, 610]],

 [[  13, 611]],

 [[  12, 612]],

 [[  12, 613]],

 [[  12, 614]],

 [[  12, 615]],

 [[  12, 616]],

 [[  12, 617]],

 [[  12, 618]],

 [[  12, 619]],

 [[  12, 620]],

 [[  12, 621]],

 [[  11, 622]],

 [[  11, 623]],

 [[  11, 624]],

 [[  11, 625]],

 [[  11, 626]],

 [[  11, 627]],

 [[  11, 628]],

 [[  11, 629]],

 [[  11, 630]],

 [[  11, 631]],

 [[  11, 632]],

 [[  11, 633]],

 [[  11, 634]],

 [[  11, 635]],

 [[  10, 636]],

 [[  10, 637]],

 [[  10, 638]],

 [[  10, 639]],

 [[  10, 640]],

 [[  10, 641]],

 [[  10, 642]],

 [[  10, 643]],

 [[  10, 644]],

 [[  10, 645]],

 [[  10, 646]],

 [[  10, 647]],

 [[  10, 648]],

 [[  10, 649]],

 [[  10, 650]],

 [[  10, 651]],

 [[  10, 652]],

 [[  10, 653]],

 [[  10, 654]],

 [[  10, 655]],

 [[  10, 656]],

 [[  10, 657]],

 [[  10, 658]],

 [[  10, 659]],

 [[  10, 660]],

 [[  10, 661]],

 [[   9, 662]],

 [[   9, 663]],

 [[   9, 664]],

 [[   9, 665]],

 [[   9, 666]],

 [[   9, 667]],

 [[   9, 668]],

 [[   9, 669]],

 [[   9, 670]],

 [[   9, 671]],

 [[   9, 672]],

 [[   9, 673]],

 [[   9, 674]],

 [[   8, 675]],

 [[   8, 676]],

 [[   8, 677]],

 [[   8, 678]],

 [[   8, 679]],

 [[   8, 680]],

 [[   8, 681]],

 [[   8, 682]],

 [[   8, 683]],

 [[   8, 684]],

 [[   8, 685]],

 [[   8, 686]],

 [[   8, 687]],

 [[   8, 688]],

 [[   8, 689]],

 [[   8, 690]],

 [[   8, 691]],

 [[   8, 692]],

 [[   8, 693]],

 [[   8, 694]],

 [[   8, 695]],

 [[   8, 696]],

 [[   8, 697]],

 [[   7, 698]],

 [[   7, 699]],

 [[   7, 700]],

 [[   7, 701]],

 [[   7, 702]],

 [[   7, 703]],

 [[   7, 704]],

 [[   7, 705]],

 [[   7, 706]],

 [[   7, 707]],

 [[   7, 708]],

 [[   7, 709]],

 [[   6, 710]],

 [[   6, 711]],

 [[   6, 712]],

 [[   6, 713]],

 [[   6, 714]],

 [[   6, 715]],

 [[   6, 716]],

 [[   6, 717]],

 [[   6, 718]],

 [[   6, 719]],

 [[   6, 720]],

 [[   6, 721]],

 [[   6, 722]],

 [[   6, 723]],

 [[   6, 724]],

 [[   6, 725]],

 [[   6, 726]],

 [[   6, 727]],

 [[   6, 728]],

 [[   6, 729]],

 [[   6, 730]],

 [[   6, 731]],

 [[   6, 732]],

 [[   6, 733]],

 [[   6, 734]],

 [[   6, 735]],

 [[   6, 736]],

 [[   6, 737]],

 [[   6, 738]],

 [[   6, 739]],

 [[   5, 740]],

 [[   5, 741]],

 [[   5, 742]],

 [[   5, 743]],

 [[   5, 744]],

 [[   5, 745]],

 [[   5, 746]],

 [[   5, 747]],

 [[   5, 748]],

 [[   5, 749]],

 [[   5, 750]],

 [[   5, 751]],

 [[   5, 752]],

 [[   4, 753]],

 [[   4, 754]],

 [[   4, 755]],

 [[   4, 756]],

 [[   4, 757]],

 [[   4, 758]],

 [[   4, 759]],

 [[   4, 760]],

 [[   4, 761]],

 [[   4, 762]],

 [[   4, 763]],

 [[   4, 764]],

 [[   4, 765]],

 [[   4, 766]],

 [[   4, 767]],

 [[   4, 768]],

 [[   4, 769]],

 [[   4, 770]],

 [[   4, 771]],

 [[   4, 772]],

 [[   4, 773]],

 [[   4, 774]],

 [[   4, 775]],

 [[   4, 776]],

 [[   4, 777]],

 [[   4, 778]],

 [[   4, 779]],

 [[   4, 780]],

 [[   4, 781]],

 [[   4, 782]],

 [[   4, 783]],

 [[   4, 784]],

 [[   4, 785]],

 [[   4, 786]],

 [[   4, 787]],

 [[   4, 788]],

 [[   4, 789]],

 [[   4, 790]],

 [[   4, 791]],

 [[   4, 792]],

 [[   4, 793]],

 [[   4, 794]],

 [[   4, 795]],

 [[   3, 796]],

 [[   3, 797]],

 [[   3, 798]],

 [[   3, 799]],

 [[   3, 800]],

 [[   3, 801]],

 [[   3, 802]],

 [[   3, 803]],

 [[   3, 804]],

 [[   3, 805]],

 [[   3, 806]],

 [[   2, 807]],

 [[   2, 808]],

 [[   2, 809]],

 [[   2, 810]],

 [[   2, 811]],

 [[   2, 812]],

 [[   2, 813]],

 [[   2, 814]],

 [[   2, 815]],

 [[   2, 816]],

 [[   1, 817]],

 [[   1, 818]],

 [[   1, 819]],

 [[   1, 820]],

 [[   1, 821]],

 [[   1, 822]],

 [[   1, 823]],

 [[   1, 824]],

 [[   1, 825]],

 [[   1, 826]],

 [[   1, 827]],

 [[   0, 828]],

 [[   0, 829]],

 [[   0, 830]],

 [[   0, 831]],

 [[   0, 832]],

 [[   0, 833]],

 [[   0, 834]],

 [[   0, 835]],

 [[   0, 836]],

 [[   0, 837]],

 [[   0, 838]],

 [[   0, 839]],

 [[   0, 840]],

 [[   0, 841]],

 [[   0, 842]],

 [[   0, 843]],

 [[   0, 844]],

 [[   0, 845]],

 [[   0, 846]],

 [[   0, 847]],

 [[   0, 848]],

 [[   0, 849]],

 [[   0, 850]],

 [[   0, 851]],

 [[   0, 852]],

 [[   0, 853]],

 [[   0, 854]],

 [[   0, 855]],

 [[   0, 856]],

 [[   0, 857]],

 [[   0, 858]],

 [[   0, 859]],

 [[   0, 860]],

 [[   0, 861]],

 [[   0, 862]],

 [[   0, 863]],

 [[   0, 864]],

 [[   0, 865]],

 [[   0, 866]],

 [[   0, 867]],

 [[   0, 868]],

 [[   0, 869]],

 [[   0, 870]],

 [[   0, 871]],

 [[   0, 872]],

 [[   0, 873]],

 [[   0, 874]],

 [[   0, 875]],

 [[   0, 876]],

 [[   0, 877]],

 [[   0, 878]],

 [[   0, 879]],

 [[   0, 880]],

 [[   0, 881]],

 [[   0, 882]],

 [[   1, 883]],

 [[   1, 884]],

 [[   1, 885]],

 [[   1, 886]],

 [[   1, 887]],

 [[   2, 888]],

 [[   2, 889]],

 [[   3, 890]],

 [[   4, 891]],

 [[   5, 892]],

 [[   6, 893]],

 [[   7, 893]],

 [[   8, 894]],

 [[   9, 894]],

 [[  10, 894]],

 [[  11, 894]],

 [[  12, 894]],

 [[  13, 895]],

 [[  14, 895]],

 [[  15, 895]],

 [[  16, 895]],

 [[  17, 895]],

 [[  18, 895]],

 [[  19, 895]],

 [[  20, 895]],

 [[  21, 895]],

 [[  22, 895]],

 [[  23, 895]],

 [[  24, 896]],

 [[  25, 896]],

 [[  26, 896]],

 [[  27, 896]],

 [[  28, 896]],

 [[  29, 896]],

 [[  30, 896]],

 [[  31, 896]],

 [[  32, 896]],

 [[  33, 896]],

 [[  34, 896]],

 [[  35, 896]],

 [[  36, 896]],

 [[  37, 897]],

 [[  38, 897]],

 [[  39, 897]],

 [[  40, 897]],

 [[  41, 897]],

 [[  42, 897]],

 [[  43, 897]],

 [[  44, 897]],

 [[  45, 897]],

 [[  46, 897]],

 [[  47, 897]],

 [[  48, 897]],

 [[  49, 897]],

 [[  50, 897]],

 [[  51, 897]],

 [[  52, 897]],

 [[  53, 897]],

 [[  54, 897]],

 [[  55, 897]],

 [[  56, 897]],

 [[  57, 897]],

 [[  58, 897]],

 [[  59, 897]],

 [[  60, 897]],

 [[  61, 897]],

 [[  62, 897]],

 [[  63, 897]],

 [[  64, 897]],

 [[  65, 897]],

 [[  66, 897]],

 [[  67, 897]],

 [[  68, 897]],

 [[  69, 897]],

 [[  70, 897]],

 [[  71, 897]],

 [[  72, 897]],

 [[  73, 897]],

 [[  74, 897]],

 [[  75, 897]],

 [[  76, 897]],

 [[  77, 897]],

 [[  78, 897]],

 [[  79, 897]],

 [[  80, 897]],

 [[  81, 897]],

 [[  82, 897]],

 [[  83, 897]],

 [[  84, 897]],

 [[  85, 897]],

 [[  86, 897]],

 [[  87, 897]],

 [[  88, 897]],

 [[  89, 897]],

 [[  90, 897]],

 [[  91, 897]],

 [[  92, 897]],

 [[  93, 897]],

 [[  94, 897]],

 [[  95, 897]],

 [[  96, 897]],

 [[  97, 897]],

 [[  98, 897]],

 [[  99, 897]],

 [[ 100, 897]],

 [[ 101, 897]],

 [[ 102, 897]],

 [[ 103, 897]],

 [[ 104, 897]],

 [[ 105, 897]],

 [[ 106, 897]],

 [[ 107, 897]],

 [[ 108, 897]],

 [[ 109, 897]],

 [[ 110, 897]],

 [[ 111, 897]],

 [[ 112, 897]],

 [[ 113, 897]],

 [[ 114, 897]],

 [[ 115, 897]],

 [[ 116, 897]],

 [[ 117, 897]],

 [[ 118, 897]],

 [[ 119, 897]],

 [[ 120, 897]],

 [[ 121, 897]],

 [[ 122, 897]],

 [[ 123, 897]],

 [[ 124, 897]],

 [[ 125, 897]],

 [[ 126, 897]],

 [[ 127, 897]],

 [[ 128, 897]],

 [[ 129, 897]],

 [[ 130, 897]],

 [[ 131, 897]],

 [[ 132, 897]],

 [[ 133, 897]],

 [[ 134, 897]],

 [[ 135, 898]],

 [[ 136, 898]],

 [[ 137, 898]],

 [[ 138, 898]],

 [[ 139, 898]],

 [[ 140, 898]],

 [[ 141, 898]],

 [[ 142, 898]],

 [[ 143, 898]],

 [[ 144, 898]],

 [[ 145, 898]],

 [[ 146, 898]],

 [[ 147, 898]],

 [[ 148, 898]],

 [[ 149, 898]],

 [[ 150, 898]],

 [[ 151, 898]],

 [[ 152, 899]],

 [[ 153, 899]],

 [[ 154, 899]],

 [[ 155, 899]],

 [[ 156, 899]],

 [[ 157, 899]],

 [[ 158, 899]],

 [[ 159, 899]],

 [[ 160, 899]],

 [[ 161, 899]],

 [[ 162, 899]],

 [[ 163, 899]],

 [[ 164, 899]],

 [[ 165, 899]],

 [[ 166, 899]],

 [[ 167, 899]],

 [[ 168, 899]],

 [[ 169, 899]],

 [[ 170, 899]],

 [[ 171, 899]],

 [[ 172, 899]],

 [[ 173, 899]],

 [[ 174, 899]],

 [[ 175, 899]],

 [[ 176, 900]],

 [[ 177, 900]],

 [[ 178, 900]],

 [[ 179, 900]],

 [[ 180, 900]],

 [[ 181, 900]],

 [[ 182, 900]],

 [[ 183, 900]],

 [[ 184, 900]],

 [[ 185, 900]],

 [[ 186, 900]],

 [[ 187, 900]],

 [[ 188, 900]],

 [[ 189, 900]],

 [[ 190, 901]],

 [[ 191, 901]],

 [[ 192, 901]],

 [[ 193, 901]],

 [[ 194, 901]],

 [[ 195, 901]],

 [[ 196, 901]],

 [[ 197, 901]],

 [[ 198, 901]],

 [[ 199, 901]],

 [[ 200, 901]],

 [[ 201, 901]],

 [[ 202, 901]],

 [[ 203, 901]],

 [[ 204, 901]],

 [[ 205, 901]],

 [[ 206, 901]],

 [[ 207, 901]],

 [[ 208, 901]],

 [[ 209, 901]],

 [[ 210, 901]],

 [[ 211, 902]],

 [[ 212, 902]],

 [[ 213, 902]],

 [[ 214, 902]],

 [[ 215, 902]],

 [[ 216, 902]],

 [[ 217, 902]],

 [[ 218, 902]],

 [[ 219, 902]],

 [[ 220, 902]],

 [[ 221, 902]],

 [[ 222, 902]],

 [[ 223, 902]],

 [[ 224, 903]],

 [[ 225, 903]],

 [[ 226, 903]],

 [[ 227, 903]],

 [[ 228, 903]],

 [[ 229, 903]],

 [[ 230, 903]],

 [[ 231, 903]],

 [[ 232, 903]],

 [[ 233, 903]],

 [[ 234, 903]],

 [[ 235, 903]],

 [[ 236, 903]],

 [[ 237, 903]],

 [[ 238, 903]],

 [[ 239, 903]],

 [[ 240, 903]],

 [[ 241, 903]],

 [[ 242, 903]],

 [[ 243, 903]],

 [[ 244, 903]],

 [[ 245, 903]],

 [[ 246, 903]],

 [[ 247, 903]],

 [[ 248, 903]],

 [[ 249, 903]],

 [[ 250, 903]],

 [[ 251, 903]],

 [[ 252, 903]],

 [[ 253, 903]],

 [[ 254, 903]],

 [[ 255, 903]],

 [[ 256, 903]],

 [[ 257, 903]],

 [[ 258, 903]],

 [[ 259, 903]],

 [[ 260, 903]],

 [[ 261, 903]],

 [[ 262, 903]],

 [[ 263, 903]],

 [[ 264, 903]],

 [[ 265, 903]],

 [[ 266, 903]],

 [[ 267, 903]],

 [[ 268, 904]],

 [[ 269, 904]],

 [[ 270, 904]],

 [[ 271, 904]],

 [[ 272, 904]],

 [[ 273, 904]],

 [[ 274, 904]],

 [[ 275, 904]],

 [[ 276, 904]],

 [[ 277, 904]],

 [[ 278, 904]],

 [[ 279, 905]],

 [[ 280, 905]],

 [[ 281, 905]],

 [[ 282, 905]],

 [[ 283, 905]],

 [[ 284, 905]],

 [[ 285, 905]],

 [[ 286, 905]],

 [[ 287, 905]],

 [[ 288, 905]],

 [[ 289, 905]],

 [[ 290, 905]],

 [[ 291, 905]],

 [[ 292, 905]],

 [[ 293, 905]],

 [[ 294, 905]],

 [[ 295, 905]],

 [[ 296, 905]],

 [[ 297, 905]],

 [[ 298, 905]],

 [[ 299, 905]],

 [[ 300, 905]],

 [[ 301, 905]],

 [[ 302, 905]],

 [[ 303, 905]],

 [[ 304, 905]],

 [[ 305, 905]],

 [[ 306, 905]],

 [[ 307, 905]],

 [[ 308, 905]],

 [[ 309, 905]],

 [[ 310, 905]],

 [[ 311, 905]],

 [[ 312, 905]],

 [[ 313, 905]],

 [[ 314, 905]],

 [[ 315, 905]],

 [[ 316, 905]],

 [[ 317, 905]],

 [[ 318, 905]],

 [[ 319, 905]],

 [[ 320, 905]],

 [[ 321, 905]],

 [[ 322, 905]],

 [[ 323, 905]],

 [[ 324, 905]],

 [[ 325, 905]],

 [[ 326, 906]],

 [[ 327, 906]],

 [[ 328, 906]],

 [[ 329, 906]],

 [[ 330, 906]],

 [[ 331, 906]],

 [[ 332, 906]],

 [[ 333, 906]],

 [[ 334, 906]],

 [[ 335, 906]],

 [[ 336, 906]],

 [[ 337, 906]],

 [[ 338, 907]],

 [[ 339, 906]],

 [[ 340, 906]],

 [[ 341, 906]],

 [[ 342, 907]],

 [[ 343, 907]],

 [[ 344, 907]],

 [[ 345, 907]],

 [[ 346, 907]],

 [[ 347, 907]],

 [[ 348, 907]],

 [[ 349, 907]],

 [[ 350, 907]],

 [[ 351, 907]],

 [[ 352, 907]],

 [[ 353, 907]],

 [[ 354, 907]],

 [[ 355, 907]],

 [[ 356, 907]],

 [[ 357, 907]],

 [[ 358, 907]],

 [[ 359, 907]],

 [[ 360, 907]],

 [[ 361, 907]],

 [[ 362, 907]],

 [[ 363, 907]],

 [[ 364, 907]],

 [[ 365, 907]],

 [[ 366, 908]],

 [[ 367, 908]],

 [[ 368, 908]],

 [[ 369, 908]],

 [[ 370, 908]],

 [[ 371, 908]],

 [[ 372, 909]],

 [[ 373, 909]],

 [[ 374, 909]],

 [[ 375, 909]],

 [[ 376, 909]],

 [[ 377, 909]],

 [[ 378, 910]],

 [[ 379, 910]],

 [[ 380, 910]],

 [[ 381, 910]],

 [[ 382, 910]],

 [[ 383, 911]],

 [[ 384, 911]],

 [[ 385, 911]],

 [[ 386, 912]],

 [[ 387, 912]],

 [[ 388, 912]],

 [[ 389, 913]],

 [[ 390, 913]],

 [[ 391, 913]],

 [[ 392, 914]],

 [[ 393, 914]],

 [[ 394, 915]],

 [[ 395, 915]],

 [[ 396, 916]],

 [[ 397, 916]],

 [[ 398, 916]],

 [[ 399, 917]],

 [[ 400, 918]],

 [[ 401, 918]],

 [[ 402, 919]],

 [[ 403, 919]],

 [[ 404, 920]],

 [[ 405, 921]],

 [[ 406, 922]],

 [[ 407, 922]],

 [[ 408, 923]],

 [[ 409, 924]],

 [[ 410, 925]],

 [[ 411, 926]],

 [[ 412, 927]],

 [[ 413, 928]],

 [[ 414, 929]],

 [[ 415, 930]],

 [[ 416, 931]],

 [[ 417, 932]],

 [[ 418, 933]],

 [[ 419, 934]],

 [[ 420, 935]],

 [[ 421, 936]],

 [[ 422, 937]],

 [[ 423, 938]],

 [[ 424, 939]],

 [[ 424, 940]],

 [[ 425, 941]],

 [[ 426, 942]],

 [[ 426, 943]],

 [[ 427, 944]],

 [[ 427, 945]],

 [[ 428, 946]],

 [[ 429, 947]],

 [[ 429, 948]],

 [[ 430, 949]],

 [[ 430, 950]],

 [[ 431, 951]],

 [[ 432, 952]],

 [[ 432, 953]],

 [[ 433, 954]],

 [[ 434, 955]],

 [[ 435, 956]],

 [[ 435, 957]],

 [[ 436, 958]],

 [[ 437, 959]],

 [[ 438, 960]],

 [[ 439, 961]],

 [[ 440, 962]],

 [[ 440, 963]],

 [[ 440, 964]],

 [[ 441, 965]],

 [[ 442, 966]],

 [[ 442, 967]],

 [[ 442, 968]],

 [[ 443, 969]],

 [[ 443, 970]],

 [[ 443, 971]],

 [[ 444, 972]],

 [[ 444, 973]],

 [[ 444, 974]],

 [[ 444, 975]],

 [[ 444, 976]],

 [[ 444, 977]],

 [[ 444, 978]],

 [[ 444, 979]],

 [[ 444, 980]],

 [[ 444, 981]],

 [[ 444, 982]],

 [[ 444, 983]],

 [[ 444, 984]],

 [[ 444, 985]],

 [[ 443, 986]],

 [[ 443, 987]],

 [[ 443, 988]],

 [[ 443, 989]],

 [[ 442, 990]],

 [[ 442, 991]],

 [[ 442, 992]],

 [[ 441, 993]],

 [[ 441, 994]],

 [[ 440, 995]],

 [[ 440, 996]],

 [[ 439, 997]],

 [[ 439, 998]],

 [[ 439, 999]],

 [[ 438,1000]],

 [[ 438,1001]],

 [[ 437,1002]],

 [[ 437,1003]],

 [[ 436,1004]],

 [[ 436,1005]],

 [[ 436,1006]],

 [[ 435,1007]],

 [[ 435,1008]],

 [[ 435,1009]],

 [[ 434,1010]],

 [[ 434,1011]],

 [[ 434,1012]],

 [[ 433,1013]],

 [[ 433,1014]],

 [[ 433,1015]],

 [[ 432,1016]],

 [[ 432,1017]],

 [[ 431,1018]],

 [[ 430,1019]],

 [[ 429,1020]],

 [[ 429,1021]],

 [[ 428,1022]],

 [[ 427,1022]],

 [[ 427,1023]],

 [[ 426,1024]],

 [[ 425,1025]],

 [[ 424,1026]],

 [[ 423,1027]],

 [[ 422,1028]],

 [[ 421,1029]],

 [[ 420,1030]],

 [[ 419,1031]],

 [[ 418,1032]],

 [[ 417,1033]],

 [[ 416,1034]],

 [[ 415,1035]],

 [[ 414,1036]],

 [[ 413,1037]],

 [[ 412,1038]],

 [[ 411,1039]],

 [[ 410,1040]],

 [[ 409,1041]],

 [[ 408,1042]],

 [[ 407,1043]],

 [[ 406,1043]],

 [[ 405,1044]],

 [[ 404,1045]],

 [[ 403,1046]],

 [[ 402,1046]],

 [[ 401,1047]],

 [[ 400,1048]],

 [[ 399,1048]],

 [[ 399,1049]],

 [[ 398,1050]],

 [[ 397,1050]],

 [[ 396,1051]],

 [[ 395,1052]],

 [[ 394,1052]],

 [[ 394,1053]],

 [[ 393,1054]],

 [[ 392,1055]],

 [[ 391,1056]],

 [[ 390,1057]],

 [[ 389,1058]],

 [[ 388,1059]],

 [[ 388,1060]],

 [[ 387,1061]],

 [[ 386,1061]],

 [[ 386,1062]],

 [[ 385,1063]],

 [[ 384,1064]],

 [[ 383,1065]],

 [[ 382,1066]],

 [[ 382,1067]],

 [[ 381,1068]],

 [[ 380,1068]],

 [[ 379,1069]],

 [[ 378,1070]],

 [[ 378,1071]],

 [[ 377,1072]],

 [[ 376,1073]],

 [[ 375,1074]],

 [[ 374,1075]],

 [[ 373,1076]],

 [[ 372,1077]],

 [[ 371,1078]],

 [[ 370,1079]],

 [[ 370,1080]],

 [[ 369,1081]],

 [[ 369,1082]],

 [[ 368,1083]],

 [[ 367,1084]],

 [[ 367,1085]],

 [[ 367,1086]],

 [[ 366,1087]],

 [[ 366,1088]],

 [[ 365,1089]],

 [[ 365,1090]],

 [[ 364,1091]],

 [[ 364,1092]],

 [[ 364,1093]],

 [[ 363,1094]],

 [[ 363,1095]],

 [[ 363,1096]],

 [[ 363,1097]],

 [[ 362,1098]],

 [[ 362,1099]],

 [[ 362,1100]],

 [[ 362,1101]],

 [[ 361,1102]],

 [[ 361,1103]],

 [[ 361,1104]],

 [[ 361,1105]],

 [[ 361,1106]],

 [[ 360,1107]],

 [[ 360,1108]],

 [[ 360,1109]],

 [[ 360,1110]],

 [[ 360,1111]],

 [[ 360,1112]],

 [[ 359,1113]],

 [[ 359,1114]],

 [[ 359,1115]],

 [[ 359,1116]],

 [[ 359,1117]],

 [[ 359,1118]],

 [[ 359,1119]],

 [[ 359,1120]],

 [[ 359,1121]],

 [[ 359,1122]],

 [[ 359,1123]],

 [[ 359,1124]],

 [[ 359,1125]],

 [[ 359,1126]],

 [[ 359,1127]],

 [[ 359,1128]],

 [[ 359,1129]],

 [[ 359,1130]],

 [[ 359,1131]],

 [[ 359,1132]],

 [[ 359,1133]],

 [[ 359,1134]],

 [[ 359,1135]],

 [[ 359,1136]],

 [[ 359,1137]],

 [[ 359,1138]],

 [[ 359,1139]],

 [[ 359,1140]],

 [[ 359,1141]],

 [[ 359,1142]],

 [[ 359,1143]],

 [[ 359,1144]],

 [[ 358,1145]],

 [[ 358,1146]],

 [[ 358,1147]],

 [[ 358,1148]],

 [[ 357,1149]],

 [[ 357,1150]],

 [[ 357,1151]],

 [[ 356,1152]],

 [[ 356,1153]],

 [[ 356,1154]],

 [[ 355,1155]],

 [[ 355,1156]],

 [[ 355,1157]],

 [[ 354,1158]],

 [[ 354,1159]],

 [[ 354,1160]],

 [[ 354,1161]],

 [[ 353,1162]],

 [[ 353,1163]],

 [[ 353,1164]],

 [[ 353,1165]],

 [[ 353,1166]],

 [[ 353,1167]],

 [[ 353,1168]],

 [[ 353,1169]],

 [[ 354,1170]],

 [[ 354,1171]],

 [[ 354,1172]],

 [[ 354,1173]],

 [[ 354,1174]],

 [[ 354,1175]],

 [[ 355,1176]],

 [[ 355,1177]],

 [[ 355,1178]],

 [[ 355,1179]],

 [[ 356,1180]],

 [[ 356,1181]],

 [[ 356,1182]],

 [[ 357,1183]],

 [[ 357,1184]],

 [[ 358,1185]],

 [[ 358,1186]],

 [[ 359,1187]],

 [[ 359,1188]],

 [[ 360,1189]],

 [[ 360,1190]],

 [[ 361,1191]],

 [[ 361,1192]],

 [[ 362,1193]],

 [[ 362,1194]],

 [[ 362,1195]],

 [[ 363,1196]],

 [[ 363,1197]],

 [[ 364,1198]],

 [[ 365,1199]],

 [[ 365,1200]],

 [[ 366,1201]],

 [[ 366,1202]],

 [[ 367,1203]],

 [[ 367,1204]],

 [[ 368,1205]],

 [[ 369,1206]],

 [[ 369,1207]],

 [[ 370,1208]],

 [[ 371,1209]],

 [[ 371,1210]],

 [[ 372,1211]],

 [[ 372,1212]],

 [[ 373,1213]],

 [[ 374,1214]],

 [[ 374,1215]],

 [[ 375,1216]],

 [[ 376,1217]],

 [[ 377,1218]],

 [[ 377,1219]],

 [[ 378,1220]],

 [[ 379,1221]],

 [[ 380,1222]],

 [[ 381,1223]],

 [[ 382,1224]],

 [[ 382,1225]],

 [[ 383,1226]],

 [[ 384,1227]],

 [[ 385,1228]],

 [[ 386,1229]],

 [[ 387,1230]],

 [[ 388,1231]],

 [[ 389,1232]],

 [[ 390,1233]],

 [[ 391,1234]],

 [[ 392,1235]],

 [[ 393,1236]],

 [[ 394,1237]],

 [[ 395,1237]],

 [[ 396,1238]],

 [[ 396,1239]],

 [[ 397,1240]],

 [[ 398,1240]],

 [[ 399,1241]],

 [[ 400,1242]],

 [[ 401,1243]],

 [[ 402,1244]],

 [[ 403,1244]],

 [[ 404,1245]],

 [[ 405,1246]],

 [[ 406,1246]],

 [[ 407,1247]],

 [[ 408,1247]],

 [[ 409,1248]],

 [[ 410,1248]],

 [[ 411,1249]],

 [[ 412,1249]],

 [[ 413,1250]],

 [[ 414,1250]],

 [[ 415,1251]],

 [[ 416,1251]],

 [[ 417,1252]],

 [[ 418,1253]],

 [[ 419,1253]],

 [[ 420,1254]],

 [[ 421,1254]],

 [[ 422,1255]],

 [[ 423,1256]],

 [[ 424,1256]],

 [[ 425,1257]],

 [[ 426,1257]],

 [[ 427,1258]],

 [[ 428,1258]],

 [[ 429,1259]],

 [[ 430,1260]],

 [[ 431,1260]],

 [[ 432,1261]],

 [[ 433,1261]],

 [[ 434,1261]],

 [[ 435,1262]],

 [[ 436,1263]],

 [[ 437,1263]],

 [[ 438,1263]],

 [[ 439,1264]],

 [[ 440,1264]],

 [[ 441,1265]],

 [[ 442,1265]],

 [[ 443,1266]],

 [[ 444,1266]],

 [[ 445,1266]],

 [[ 446,1267]],

 [[ 447,1267]],

 [[ 448,1267]],

 [[ 449,1268]],

 [[ 450,1268]],

 [[ 451,1269]],

 [[ 452,1269]],

 [[ 453,1269]],

 [[ 454,1270]],

 [[ 455,1270]],

 [[ 456,1271]],

 [[ 457,1271]],

 [[ 458,1272]],

 [[ 459,1272]],

 [[ 460,1273]],

 [[ 461,1273]],

 [[ 462,1274]],

 [[ 463,1274]],

 [[ 464,1274]],

 [[ 465,1275]],

 [[ 466,1275]],

 [[ 467,1276]],

 [[ 468,1276]],

 [[ 469,1277]],

 [[ 470,1277]],

 [[ 471,1277]],

 [[ 472,1278]],

 [[ 473,1278]],

 [[ 474,1278]],

 [[ 475,1278]],

 [[ 476,1278]],

 [[ 477,1279]],

 [[ 478,1279]],

 [[ 479,1279]],

 [[ 480,1279]],

 [[ 481,1280]],

 [[ 482,1280]],

 [[ 483,1280]],

 [[ 484,1280]],

 [[ 485,1281]],

 [[ 486,1281]],

 [[ 487,1281]],

 [[ 488,1281]],

 [[ 489,1282]],

 [[ 490,1282]],

 [[ 491,1282]],

 [[ 492,1282]],

 [[ 493,1282]],

 [[ 494,1283]],

 [[ 495,1283]],

 [[ 496,1283]],

 [[ 497,1283]],

 [[ 498,1284]],

 [[ 499,1284]],

 [[ 500,1284]],

 [[ 501,1284]],

 [[ 502,1284]],

 [[ 503,1284]],

 [[ 504,1284]],

 [[ 505,1284]],

 [[ 506,1284]],

 [[ 507,1284]],

 [[ 508,1284]],

 [[ 509,1284]],

 [[ 510,1285]],

 [[ 511,1285]],

 [[ 512,1285]],

 [[ 513,1285]],

 [[ 514,1285]],

 [[ 515,1285]],

 [[ 516,1285]],

 [[ 517,1285]],

 [[ 518,1285]],

 [[ 519,1285]],

 [[ 520,1285]],

 [[ 521,1285]],

 [[ 522,1285]],

 [[ 523,1285]],

 [[ 524,1285]],

 [[ 525,1285]],

 [[ 526,1285]],

 [[ 527,1285]],

 [[ 528,1285]],

 [[ 529,1285]],

 [[ 530,1285]],

 [[ 531,1285]],

 [[ 532,1285]],

 [[ 533,1285]],

 [[ 534,1285]],

 [[ 535,1285]],

 [[ 536,1285]],

 [[ 537,1285]],

 [[ 538,1285]],

 [[ 539,1285]],

 [[ 540,1285]],

 [[ 541,1285]],

 [[ 542,1285]],

 [[ 543,1285]],

 [[ 544,1285]],

 [[ 545,1285]],

 [[ 546,1285]],

 [[ 547,1285]],

 [[ 548,1285]],

 [[ 549,1285]],

 [[ 550,1285]],

 [[ 551,1285]],

 [[ 552,1285]],

 [[ 553,1285]],

 [[ 554,1285]],

 [[ 555,1285]],

 [[ 556,1285]],

 [[ 557,1285]],

 [[ 558,1285]],

 [[ 559,1285]],

 [[ 560,1284]],

 [[ 561,1284]],

 [[ 562,1284]],

 [[ 563,1284]],

 [[ 564,1284]],

 [[ 565,1284]],

 [[ 566,1284]],

 [[ 567,1284]],

 [[ 568,1284]],

 [[ 569,1283]],

 [[ 570,1283]],

 [[ 571,1283]],

 [[ 572,1283]],

 [[ 573,1282]],

 [[ 574,1282]],

 [[ 575,1281]],

 [[ 576,1281]],

 [[ 577,1281]],

 [[ 578,1280]],

 [[ 579,1280]],

 [[ 580,1279]],

 [[ 581,1279]],

 [[ 582,1279]],

 [[ 583,1278]],

 [[ 584,1278]],

 [[ 585,1277]],

 [[ 586,1277]],

 [[ 587,1276]],

 [[ 588,1276]],

 [[ 589,1276]],

 [[ 590,1275]],

 [[ 591,1275]],

 [[ 592,1274]],

 [[ 593,1274]],

 [[ 594,1273]],

 [[ 595,1273]],

 [[ 596,1273]],

 [[ 597,1272]],

 [[ 598,1272]],

 [[ 599,1271]],

 [[ 600,1270]],

 [[ 601,1270]],

 [[ 602,1269]],

 [[ 603,1268]],

 [[ 604,1268]],

 [[ 605,1267]],

 [[ 606,1267]],

 [[ 607,1266]],

 [[ 608,1265]],

 [[ 609,1265]],

 [[ 610,1264]],

 [[ 611,1263]],

 [[ 612,1262]],

 [[ 613,1262]],

 [[ 614,1261]],

 [[ 615,1260]],

 [[ 616,1259]],

 [[ 617,1259]],

 [[ 618,1258]],

 [[ 619,1257]],

 [[ 620,1256]],

 [[ 621,1255]],

 [[ 622,1254]],

 [[ 623,1253]],

 [[ 624,1252]],

 [[ 625,1251]],

 [[ 626,1250]],

 [[ 627,1249]],

 [[ 628,1248]],

 [[ 629,1248]],

 [[ 630,1247]],

 [[ 631,1246]],

 [[ 632,1245]],

 [[ 633,1245]],

 [[ 634,1244]],

 [[ 635,1243]],

 [[ 636,1243]],

 [[ 637,1242]],

 [[ 638,1242]],

 [[ 639,1241]],

 [[ 640,1241]],

 [[ 641,1240]],

 [[ 642,1239]],

 [[ 643,1238]],

 [[ 644,1238]],

 [[ 644,1237]],

 [[ 645,1236]],

 [[ 646,1235]],

 [[ 647,1234]],

 [[ 648,1234]],

 [[ 649,1233]],

 [[ 649,1232]],

 [[ 650,1231]],

 [[ 651,1230]],

 [[ 652,1229]],

 [[ 653,1228]],

 [[ 654,1227]],

 [[ 654,1226]],

 [[ 655,1225]],

 [[ 656,1224]],

 [[ 657,1223]],

 [[ 657,1222]],

 [[ 658,1221]],

 [[ 659,1220]],

 [[ 659,1219]],

 [[ 660,1218]],

 [[ 661,1217]],

 [[ 661,1216]],

 [[ 662,1215]],

 [[ 662,1214]],

 [[ 663,1213]],

 [[ 664,1212]],

 [[ 664,1211]],

 [[ 665,1210]],

 [[ 665,1209]],

 [[ 666,1208]],

 [[ 667,1207]],

 [[ 667,1206]],

 [[ 667,1205]],

 [[ 668,1204]],

 [[ 669,1203]],

 [[ 669,1202]],

 [[ 670,1201]],

 [[ 670,1200]],

 [[ 671,1199]],

 [[ 671,1198]],

 [[ 672,1197]],

 [[ 672,1196]],

 [[ 673,1195]],

 [[ 673,1194]],

 [[ 673,1193]],

 [[ 674,1192]],

 [[ 674,1191]],

 [[ 674,1190]],

 [[ 675,1189]],

 [[ 675,1188]],

 [[ 675,1187]],

 [[ 676,1186]],

 [[ 676,1185]],

 [[ 676,1184]],

 [[ 676,1183]],

 [[ 676,1182]],

 [[ 676,1181]],

 [[ 676,1180]],

 [[ 676,1179]],

 [[ 676,1178]],

 [[ 676,1177]],

 [[ 676,1176]],

 [[ 676,1175]],

 [[ 676,1174]],

 [[ 676,1173]],

 [[ 676,1172]],

 [[ 675,1171]],

 [[ 675,1170]],

 [[ 675,1169]],

 [[ 675,1168]],

 [[ 675,1167]],

 [[ 675,1166]],

 [[ 674,1165]],

 [[ 674,1164]],

 [[ 674,1163]],

 [[ 674,1162]],

 [[ 674,1161]],

 [[ 673,1160]],

 [[ 673,1159]],

 [[ 673,1158]],

 [[ 673,1157]],

 [[ 673,1156]],

 [[ 673,1155]],

 [[ 673,1154]],

 [[ 673,1153]],

 [[ 673,1152]],

 [[ 673,1151]],

 [[ 674,1150]],

 [[ 674,1149]],

 [[ 674,1148]],

 [[ 674,1147]],

 [[ 675,1146]],

 [[ 675,1145]],

 [[ 675,1144]],

 [[ 675,1143]],

 [[ 675,1142]],

 [[ 675,1141]],

 [[ 676,1140]],

 [[ 676,1139]],

 [[ 676,1138]],

 [[ 676,1137]],

 [[ 676,1136]],

 [[ 676,1135]],

 [[ 676,1134]],

 [[ 676,1133]],

 [[ 676,1132]],

 [[ 676,1131]],

 [[ 676,1130]],

 [[ 676,1129]],

 [[ 676,1128]],

 [[ 676,1127]],

 [[ 676,1126]],

 [[ 676,1125]],

 [[ 676,1124]],

 [[ 676,1123]],

 [[ 675,1122]],

 [[ 675,1121]],

 [[ 675,1120]],

 [[ 675,1119]],

 [[ 675,1118]],

 [[ 674,1117]],

 [[ 674,1116]],

 [[ 674,1115]],

 [[ 673,1114]],

 [[ 673,1113]],

 [[ 673,1112]],

 [[ 672,1111]],

 [[ 672,1110]],

 [[ 671,1109]],

 [[ 671,1108]],

 [[ 671,1107]],

 [[ 670,1106]],

 [[ 670,1105]],

 [[ 670,1104]],

 [[ 669,1103]],

 [[ 669,1102]],

 [[ 668,1101]],

 [[ 668,1100]],

 [[ 668,1099]],

 [[ 667,1098]],

 [[ 667,1097]],

 [[ 666,1096]],

 [[ 666,1095]],

 [[ 666,1094]],

 [[ 665,1093]],

 [[ 665,1092]],

 [[ 665,1091]],

 [[ 664,1090]],

 [[ 663,1089]],

 [[ 663,1088]],

 [[ 663,1087]],

 [[ 662,1086]],

 [[ 662,1085]],

 [[ 661,1084]],

 [[ 661,1083]],

 [[ 660,1082]],

 [[ 659,1081]],

 [[ 659,1080]],

 [[ 658,1079]],

 [[ 658,1078]],

 [[ 657,1077]],

 [[ 657,1076]],

 [[ 656,1075]],

 [[ 655,1074]],

 [[ 654,1073]],

 [[ 654,1072]],

 [[ 653,1071]],

 [[ 652,1070]],

 [[ 651,1069]],

 [[ 651,1068]],

 [[ 650,1067]],

 [[ 649,1066]],

 [[ 648,1065]],

 [[ 647,1064]],

 [[ 646,1063]],

 [[ 645,1062]],

 [[ 645,1061]],

 [[ 644,1060]],

 [[ 643,1059]],

 [[ 642,1058]],

 [[ 641,1057]],

 [[ 640,1056]],

 [[ 640,1055]],

 [[ 639,1054]],

 [[ 638,1053]],

 [[ 637,1052]],

 [[ 637,1051]],

 [[ 636,1050]],

 [[ 635,1049]],

 [[ 634,1048]],

 [[ 633,1047]],

 [[ 633,1046]],

 [[ 632,1045]],

 [[ 631,1044]],

 [[ 630,1043]],

 [[ 629,1042]],

 [[ 628,1041]],

 [[ 627,1040]],

 [[ 626,1039]],

 [[ 625,1038]],

 [[ 624,1037]],

 [[ 623,1036]],

 [[ 622,1035]],

 [[ 621,1034]],

 [[ 620,1033]],

 [[ 619,1032]],

 [[ 619,1031]],

 [[ 618,1030]],

 [[ 617,1029]],

 [[ 616,1028]],

 [[ 616,1027]],

 [[ 615,1026]],

 [[ 615,1025]],

 [[ 614,1024]],

 [[ 614,1023]],

 [[ 613,1022]],

 [[ 613,1021]],

 [[ 612,1020]],

 [[ 612,1019]],

 [[ 611,1018]],

 [[ 611,1017]],

 [[ 610,1016]],

 [[ 610,1015]],

 [[ 609,1014]],

 [[ 609,1013]],

 [[ 608,1012]],

 [[ 608,1011]],

 [[ 607,1010]],

 [[ 607,1009]],

 [[ 606,1008]],

 [[ 606,1007]],

 [[ 606,1006]],

 [[ 605,1005]],

 [[ 605,1004]],

 [[ 604,1003]],

 [[ 604,1002]],

 [[ 604,1001]],

 [[ 604,1000]],

 [[ 603, 999]],

 [[ 603, 998]],

 [[ 603, 997]],

 [[ 603, 996]],

 [[ 603, 995]],

 [[ 603, 994]],

 [[ 603, 993]],

 [[ 603, 992]],

 [[ 603, 991]],

 [[ 603, 990]],

 [[ 603, 989]],

 [[ 603, 988]],

 [[ 603, 987]],

 [[ 603, 986]],

 [[ 603, 985]],

 [[ 603, 984]],

 [[ 603, 983]],

 [[ 603, 982]],

 [[ 603, 981]],

 [[ 603, 980]],

 [[ 603, 979]],

 [[ 603, 978]],

 [[ 604, 977]],

 [[ 604, 976]],

 [[ 604, 975]],

 [[ 604, 974]],

 [[ 604, 973]],

 [[ 604, 972]],

 [[ 604, 971]],

 [[ 604, 970]],

 [[ 604, 969]],

 [[ 604, 968]],

 [[ 604, 967]],

 [[ 603, 966]],

 [[ 603, 965]],

 [[ 603, 964]],

 [[ 603, 963]],

 [[ 603, 962]],

 [[ 603, 961]],

 [[ 603, 960]],

 [[ 603, 959]],

 [[ 603, 958]],

 [[ 603, 957]],

 [[ 603, 956]],

 [[ 603, 955]],

 [[ 604, 954]],

 [[ 605, 953]],

 [[ 605, 952]],

 [[ 606, 951]],

 [[ 607, 950]],

 [[ 607, 949]],

 [[ 608, 948]],

 [[ 609, 947]],

 [[ 609, 946]],

 [[ 610, 945]],

 [[ 611, 944]],

 [[ 611, 943]],

 [[ 612, 942]],

 [[ 613, 941]],

 [[ 613, 940]],

 [[ 614, 939]],

 [[ 615, 938]],

 [[ 616, 937]],

 [[ 617, 936]],

 [[ 618, 935]],

 [[ 619, 934]],

 [[ 620, 933]],

 [[ 621, 932]],

 [[ 622, 931]],

 [[ 623, 930]],

 [[ 624, 930]],

 [[ 625, 929]],

 [[ 626, 929]],

 [[ 627, 928]],

 [[ 628, 927]],

 [[ 629, 927]],

 [[ 630, 926]],

 [[ 631, 926]],

 [[ 632, 925]],

 [[ 633, 925]],

 [[ 634, 924]],

 [[ 635, 923]],

 [[ 636, 923]],

 [[ 637, 922]],

 [[ 638, 922]],

 [[ 639, 921]],

 [[ 640, 920]],

 [[ 641, 920]],

 [[ 642, 919]],

 [[ 643, 918]],

 [[ 644, 918]],

 [[ 645, 917]],

 [[ 646, 917]],

 [[ 647, 916]],

 [[ 648, 916]],

 [[ 649, 916]],

 [[ 650, 915]],

 [[ 651, 915]],

 [[ 652, 915]],

 [[ 653, 915]],

 [[ 654, 915]],

 [[ 655, 914]],

 [[ 656, 914]],

 [[ 657, 914]],

 [[ 658, 914]],

 [[ 659, 914]],

 [[ 660, 914]],

 [[ 661, 914]],

 [[ 662, 914]],

 [[ 663, 914]],

 [[ 664, 913]],

 [[ 665, 913]],

 [[ 666, 913]],

 [[ 667, 913]],

 [[ 668, 913]],

 [[ 669, 912]],

 [[ 670, 912]],

 [[ 671, 912]],

 [[ 672, 912]],

 [[ 673, 912]],

 [[ 674, 912]],

 [[ 675, 911]],

 [[ 676, 911]],

 [[ 677, 911]],

 [[ 678, 911]],

 [[ 679, 911]],

 [[ 680, 911]],

 [[ 681, 911]],

 [[ 682, 911]],

 [[ 683, 911]],

 [[ 684, 911]],

 [[ 685, 911]],

 [[ 686, 911]],

 [[ 687, 911]],

 [[ 688, 911]],

 [[ 689, 911]],

 [[ 690, 911]],

 [[ 691, 911]],

 [[ 692, 911]],

 [[ 693, 911]],

 [[ 694, 911]],

 [[ 695, 911]],

 [[ 696, 911]],

 [[ 697, 911]],

 [[ 698, 911]],

 [[ 699, 911]],

 [[ 700, 911]],

 [[ 701, 911]],

 [[ 702, 911]],

 [[ 703, 911]],

 [[ 704, 911]],

 [[ 705, 911]],

 [[ 706, 911]],

 [[ 707, 912]],

 [[ 708, 912]],

 [[ 709, 912]],

 [[ 710, 912]],

 [[ 711, 912]],

 [[ 712, 912]],

 [[ 713, 912]],

 [[ 714, 912]],

 [[ 715, 912]],

 [[ 716, 912]],

 [[ 717, 912]],

 [[ 718, 913]],

 [[ 719, 913]],

 [[ 720, 913]],

 [[ 721, 913]],

 [[ 722, 913]],

 [[ 723, 913]],

 [[ 724, 913]],

 [[ 725, 913]],

 [[ 726, 913]],

 [[ 727, 914]],

 [[ 728, 914]],

 [[ 729, 914]],

 [[ 730, 914]],

 [[ 731, 914]],

 [[ 732, 914]],

 [[ 733, 914]],

 [[ 734, 914]],

 [[ 735, 915]],

 [[ 736, 915]],

 [[ 737, 915]],

 [[ 738, 915]],

 [[ 739, 915]],

 [[ 740, 915]],

 [[ 741, 915]],

 [[ 742, 915]],

 [[ 743, 915]],

 [[ 744, 915]],

 [[ 745, 916]],

 [[ 746, 916]],

 [[ 747, 916]],

 [[ 748, 916]],

 [[ 749, 916]],

 [[ 750, 916]],

 [[ 751, 916]],

 [[ 752, 916]],

 [[ 753, 916]],

 [[ 754, 916]],

 [[ 755, 916]],

 [[ 756, 916]],

 [[ 757, 917]],

 [[ 758, 917]],

 [[ 759, 917]],

 [[ 760, 917]],

 [[ 761, 917]],

 [[ 762, 917]],

 [[ 763, 917]],

 [[ 764, 917]],

 [[ 765, 917]],

 [[ 766, 917]],

 [[ 767, 917]],

 [[ 768, 917]],

 [[ 769, 917]],

 [[ 770, 917]],

 [[ 771, 918]],

 [[ 772, 918]],

 [[ 773, 918]],

 [[ 774, 918]],

 [[ 775, 918]],

 [[ 776, 918]],

 [[ 777, 918]],

 [[ 778, 918]],

 [[ 779, 918]],

 [[ 780, 918]],

 [[ 781, 918]],

 [[ 782, 918]],

 [[ 783, 918]],

 [[ 784, 918]],

 [[ 785, 919]],

 [[ 786, 919]],

 [[ 787, 919]],

 [[ 788, 919]],

 [[ 789, 919]],

 [[ 790, 919]],

 [[ 791, 919]],

 [[ 792, 919]],

 [[ 793, 919]],

 [[ 794, 919]],

 [[ 795, 919]],

 [[ 796, 919]],

 [[ 797, 919]],

 [[ 798, 919]],

 [[ 799, 919]],

 [[ 800, 919]],

 [[ 801, 920]],

 [[ 802, 920]],

 [[ 803, 920]],

 [[ 804, 920]],

 [[ 805, 920]],

 [[ 806, 920]],

 [[ 807, 920]],

 [[ 808, 920]],

 [[ 809, 920]],

 [[ 810, 920]],

 [[ 811, 920]],

 [[ 812, 920]],

 [[ 813, 921]],

 [[ 814, 921]],

 [[ 815, 921]],

 [[ 816, 921]],

 [[ 817, 921]],

 [[ 818, 921]],

 [[ 819, 921]],

 [[ 820, 921]],

 [[ 821, 921]],

 [[ 822, 921]],

 [[ 823, 921]],

 [[ 824, 921]],

 [[ 825, 921]],

 [[ 826, 921]],

 [[ 827, 921]],

 [[ 828, 922]],

 [[ 829, 922]],

 [[ 830, 922]],

 [[ 831, 922]],

 [[ 832, 922]],

 [[ 833, 922]],

 [[ 834, 922]],

 [[ 835, 922]],

 [[ 836, 922]],

 [[ 837, 922]],

 [[ 838, 922]],

 [[ 839, 923]],

 [[ 840, 922]],

 [[ 841, 923]],

 [[ 842, 923]],

 [[ 843, 923]],

 [[ 844, 923]],

 [[ 845, 923]],

 [[ 846, 923]],

 [[ 847, 923]],

 [[ 848, 923]],

 [[ 849, 923]],

 [[ 850, 923]],

 [[ 851, 923]],

 [[ 852, 923]],

 [[ 853, 923]],

 [[ 854, 924]],

 [[ 855, 924]],

 [[ 856, 924]],

 [[ 857, 924]],

 [[ 858, 924]],

 [[ 859, 924]],

 [[ 860, 924]],

 [[ 861, 924]],

 [[ 862, 924]],

 [[ 863, 924]],

 [[ 864, 924]],

 [[ 865, 924]],

 [[ 866, 925]],

 [[ 867, 925]],

 [[ 868, 925]],

 [[ 869, 925]],

 [[ 870, 925]],

 [[ 871, 925]],

 [[ 872, 925]],

 [[ 873, 925]],

 [[ 874, 925]],

 [[ 875, 925]],

 [[ 876, 925]],

 [[ 877, 925]],

 [[ 878, 926]],

 [[ 879, 926]],

 [[ 880, 926]],

 [[ 881, 926]],

 [[ 882, 926]],

 [[ 883, 926]],

 [[ 884, 926]],

 [[ 885, 926]],

 [[ 886, 926]],

 [[ 887, 926]],

 [[ 888, 926]],

 [[ 889, 926]],

 [[ 890, 926]],

 [[ 891, 926]],

 [[ 892, 927]],

 [[ 893, 927]],

 [[ 894, 927]],

 [[ 895, 927]],

 [[ 896, 927]],

 [[ 897, 927]],

 [[ 898, 927]],

 [[ 899, 927]],

 [[ 900, 927]],

 [[ 901, 927]],

 [[ 902, 927]],

 [[ 903, 927]],

 [[ 904, 927]],

 [[ 905, 927]],

 [[ 906, 927]],

 [[ 907, 927]],

 [[ 908, 927]],

 [[ 909, 927]],

 [[ 910, 927]],

 [[ 911, 927]],

 [[ 912, 927]],

 [[ 913, 927]],

 [[ 914, 927]],

 [[ 915, 927]],

 [[ 916, 927]],

 [[ 917, 927]],

 [[ 918, 927]],

 [[ 919, 927]],

 [[ 920, 927]],

 [[ 921, 927]],

 [[ 922, 926]],

 [[ 923, 926]],

 [[ 924, 926]],

 [[ 925, 926]],

 [[ 926, 926]],

 [[ 927, 926]],

 [[ 928, 926]],

 [[ 929, 927]],

 [[ 930, 927]],

 [[ 931, 927]],

 [[ 932, 927]],

 [[ 933, 927]],

 [[ 934, 927]],

 [[ 935, 928]],

 [[ 936, 928]],

 [[ 937, 928]],

 [[ 938, 928]],

 [[ 939, 928]],

 [[ 940, 929]],

 [[ 941, 929]],

 [[ 942, 929]],

 [[ 943, 929]],

 [[ 944, 930]],

 [[ 945, 930]],

 [[ 946, 930]],

 [[ 947, 930]],

 [[ 948, 930]],

 [[ 949, 931]],

 [[ 950, 931]],

 [[ 951, 931]],

 [[ 952, 931]],

 [[ 953, 932]],

 [[ 954, 932]],

 [[ 955, 932]],

 [[ 956, 932]],

 [[ 957, 933]],

 [[ 958, 933]],

 [[ 959, 933]],

 [[ 960, 934]],

 [[ 961, 934]],

 [[ 962, 934]],

 [[ 963, 934]],

 [[ 964, 934]],

 [[ 965, 935]],

 [[ 966, 935]],

 [[ 967, 935]],

 [[ 968, 935]],

 [[ 969, 935]],

 [[ 970, 935]],

 [[ 971, 936]],

 [[ 972, 936]],

 [[ 973, 936]],

 [[ 974, 936]],

 [[ 975, 936]],

 [[ 976, 936]],

 [[ 977, 936]],

 [[ 978, 936]],

 [[ 979, 936]],

 [[ 980, 936]],

 [[ 981, 937]],

 [[ 982, 936]],

 [[ 983, 937]],

 [[ 984, 937]],

 [[ 985, 937]],

 [[ 986, 937]],

 [[ 987, 937]],

 [[ 988, 937]],

 [[ 989, 937]],

 [[ 990, 937]],

 [[ 991, 937]],

 [[ 992, 937]],

 [[ 993, 937]],

 [[ 994, 937]],

 [[ 995, 937]],

 [[ 996, 937]],

 [[ 997, 937]],

 [[ 998, 937]],

 [[ 999, 937]],

 [[1000, 937]],

 [[1001, 937]],

 [[1002, 937]],

 [[1003, 937]],

 [[1004, 937]],

 [[1005, 937]],

 [[1006, 937]],

 [[1007, 937]],

 [[1008, 937]],

 [[1009, 937]],

 [[1010, 937]],

 [[1011, 937]],

 [[1012, 937]],

 [[1013, 937]],

 [[1014, 937]],

 [[1015, 937]],

 [[1016, 937]],

 [[1017, 937]],

 [[1018, 937]],

 [[1019, 937]],

 [[1020, 937]],

 [[1021, 937]],

 [[1022, 937]],

 [[1023, 937]],

 [[1024, 937]],

 [[1025, 937]],

 [[1026, 937]],

 [[1027, 937]],

 [[1028, 937]],

 [[1029, 937]],

 [[1030, 937]],

 [[1031, 937]],

 [[1032, 937]],

 [[1033, 937]],

 [[1034, 937]],

 [[1035, 937]],

 [[1036, 937]],

 [[1037, 937]],

 [[1038, 937]],

 [[1039, 937]],

 [[1040, 937]],

 [[1041, 937]],

 [[1042, 937]],

 [[1043, 937]],

 [[1044, 937]],

 [[1045, 937]],

 [[1046, 938]],

 [[1047, 938]],

 [[1048, 938]],

 [[1049, 938]],

 [[1050, 938]],

 [[1051, 938]],

 [[1052, 938]],

 [[1053, 938]],

 [[1054, 938]],

 [[1055, 938]],

 [[1056, 938]],

 [[1057, 938]],

 [[1058, 939]],

 [[1059, 938]],

 [[1060, 938]],

 [[1061, 938]],

 [[1062, 939]],

 [[1063, 939]],

 [[1064, 939]],

 [[1065, 939]],

 [[1066, 939]],

 [[1067, 939]],

 [[1068, 939]],

 [[1069, 939]],

 [[1070, 939]],

 [[1071, 939]],

 [[1072, 939]],

 [[1073, 938]],

 [[1074, 938]],

 [[1075, 939]],

 [[1076, 938]],

 [[1077, 938]],

 [[1078, 938]],

 [[1079, 938]],

 [[1080, 938]],

 [[1081, 938]],

 [[1082, 938]],

 [[1083, 938]],

 [[1084, 937]],

 [[1085, 937]],

 [[1086, 937]],

 [[1087, 937]],

 [[1088, 936]],

 [[1089, 936]],

 [[1090, 935]],

 [[1091, 935]],

 [[1092, 934]],

 [[1093, 933]],

 [[1093, 932]],

 [[1094, 931]],

 [[1095, 930]],

 [[1095, 929]],

 [[1095, 928]],

 [[1096, 927]],

 [[1096, 926]],

 [[1096, 925]],

 [[1096, 924]],

 [[1096, 923]],

 [[1096, 922]],

 [[1097, 921]],

 [[1097, 920]],

 [[1097, 919]],

 [[1097, 918]],

 [[1097, 917]],

 [[1097, 916]],

 [[1097, 915]],

 [[1097, 914]],

 [[1097, 913]],

 [[1097, 912]],

 [[1097, 911]],

 [[1097, 910]],

 [[1097, 909]],

 [[1097, 908]],

 [[1097, 907]],

 [[1097, 906]],

 [[1098, 905]],

 [[1098, 904]],

 [[1098, 903]],

 [[1098, 902]],

 [[1098, 901]],

 [[1098, 900]],

 [[1098, 899]],

 [[1098, 898]],

 [[1098, 897]],

 [[1098, 896]],

 [[1098, 895]],

 [[1099, 894]],

 [[1099, 893]],

 [[1099, 892]],

 [[1099, 891]],

 [[1099, 890]],

 [[1099, 889]],

 [[1099, 888]],

 [[1099, 887]],

 [[1099, 886]],

 [[1099, 885]],

 [[1099, 884]],

 [[1099, 883]],

 [[1099, 882]],

 [[1099, 881]],

 [[1099, 880]],

 [[1099, 879]],

 [[1099, 878]],

 [[1099, 877]],

 [[1100, 876]],

 [[1100, 875]],

 [[1100, 874]],

 [[1100, 873]],

 [[1100, 872]],

 [[1100, 871]],

 [[1100, 870]],

 [[1100, 869]],

 [[1100, 868]],

 [[1099, 867]],

 [[1099, 866]],

 [[1099, 865]],

 [[1099, 864]],

 [[1099, 863]],

 [[1099, 862]],

 [[1099, 861]],

 [[1099, 860]],

 [[1099, 859]],

 [[1099, 858]],

 [[1099, 857]],

 [[1099, 856]],

 [[1099, 855]],

 [[1099, 854]],

 [[1099, 853]],

 [[1099, 852]],

 [[1099, 851]],

 [[1099, 850]],

 [[1099, 849]],

 [[1099, 848]],

 [[1099, 847]],

 [[1099, 846]],

 [[1099, 845]],

 [[1099, 844]],

 [[1099, 843]],

 [[1099, 842]],

 [[1099, 841]],

 [[1099, 840]],

 [[1099, 839]],

 [[1099, 838]],

 [[1099, 837]],

 [[1100, 836]],

 [[1100, 835]],

 [[1100, 834]],

 [[1100, 833]],

 [[1100, 832]],

 [[1101, 831]],

 [[1101, 830]],

 [[1101, 829]],

 [[1101, 828]],

 [[1102, 827]],

 [[1102, 826]],

 [[1102, 825]],

 [[1102, 824]],

 [[1103, 823]],

 [[1103, 822]],

 [[1103, 821]],

 [[1103, 820]],

 [[1103, 819]],

 [[1103, 818]],

 [[1103, 817]],

 [[1103, 816]],

 [[1103, 815]],

 [[1102, 814]],

 [[1102, 813]],

 [[1102, 812]],

 [[1102, 811]],

 [[1102, 810]],

 [[1101, 809]],

 [[1101, 808]],

 [[1101, 807]],

 [[1101, 806]],

 [[1101, 805]],

 [[1101, 804]],

 [[1101, 803]],

 [[1101, 802]],

 [[1101, 801]],

 [[1101, 800]],

 [[1101, 799]],

 [[1102, 798]],

 [[1102, 797]],

 [[1102, 796]],

 [[1102, 795]],

 [[1103, 794]],

 [[1103, 793]],

 [[1103, 792]],

 [[1103, 791]],

 [[1104, 790]],

 [[1104, 789]],

 [[1104, 788]],

 [[1104, 787]],

 [[1104, 786]],

 [[1104, 785]],

 [[1104, 784]],

 [[1105, 783]],

 [[1105, 782]],

 [[1105, 781]],

 [[1105, 780]],

 [[1105, 779]],

 [[1105, 778]],

 [[1105, 777]],

 [[1105, 776]],

 [[1105, 775]],

 [[1105, 774]],

 [[1106, 773]],

 [[1106, 772]],

 [[1106, 771]],

 [[1106, 770]],

 [[1106, 769]],

 [[1106, 768]],

 [[1106, 767]],

 [[1106, 766]],

 [[1106, 765]],

 [[1107, 764]],

 [[1107, 763]],

 [[1107, 762]],

 [[1107, 761]],

 [[1107, 760]],

 [[1107, 759]],

 [[1107, 758]],

 [[1107, 757]],

 [[1107, 756]],

 [[1107, 755]],

 [[1107, 754]],

 [[1107, 753]],

 [[1107, 752]],

 [[1107, 751]],

 [[1107, 750]],

 [[1107, 749]],

 [[1108, 748]],

 [[1108, 747]],

 [[1108, 746]],

 [[1108, 745]],

 [[1108, 744]],

 [[1108, 743]],

 [[1109, 742]],

 [[1109, 741]],

 [[1109, 740]],

 [[1109, 739]],

 [[1109, 738]],

 [[1109, 737]],

 [[1110, 736]],

 [[1110, 735]],

 [[1110, 734]],

 [[1110, 733]],

 [[1110, 732]],

 [[1110, 731]],

 [[1110, 730]],

 [[1110, 729]],

 [[1110, 728]],

 [[1110, 727]],

 [[1110, 726]],

 [[1110, 725]],

 [[1110, 724]],

 [[1111, 723]],

 [[1111, 722]],

 [[1111, 721]],

 [[1111, 720]],

 [[1111, 719]],

 [[1111, 718]],

 [[1111, 717]],

 [[1111, 716]],

 [[1110, 715]],

 [[1110, 714]],

 [[1110, 713]],

 [[1110, 712]],

 [[1110, 711]],

 [[1110, 710]],

 [[1110, 709]],

 [[1110, 708]],

 [[1110, 707]],

 [[1110, 706]],

 [[1109, 705]],

 [[1109, 704]],

 [[1109, 703]],

 [[1109, 702]],

 [[1109, 701]],

 [[1109, 700]],

 [[1108, 699]],

 [[1108, 698]],

 [[1108, 697]],

 [[1108, 696]],

 [[1108, 695]],

 [[1108, 694]],

 [[1107, 693]],

 [[1107, 692]],

 [[1107, 691]],

 [[1107, 690]],

 [[1107, 689]],

 [[1107, 688]],

 [[1107, 687]],

 [[1107, 686]],

 [[1107, 685]],

 [[1107, 684]],

 [[1106, 683]],

 [[1106, 682]],

 [[1106, 681]],

 [[1106, 680]],

 [[1106, 679]],

 [[1106, 678]],

 [[1106, 677]],

 [[1106, 676]],

 [[1106, 675]],

 [[1106, 674]],

 [[1106, 673]],

 [[1106, 672]],

 [[1106, 671]],

 [[1106, 670]],

 [[1106, 669]],

 [[1106, 668]],

 [[1106, 667]],

 [[1106, 666]],

 [[1106, 665]],

 [[1107, 664]],

 [[1107, 663]],

 [[1107, 662]],

 [[1107, 661]],

 [[1107, 660]],

 [[1107, 659]],

 [[1107, 658]],

 [[1107, 657]],

 [[1107, 656]],

 [[1107, 655]],

 [[1107, 654]],

 [[1107, 653]],

 [[1107, 652]],

 [[1107, 651]],

 [[1107, 650]],

 [[1108, 649]],

 [[1108, 648]],

 [[1108, 647]],

 [[1108, 646]],

 [[1107, 645]],

 [[1107, 644]],

 [[1107, 643]],

 [[1107, 642]],

 [[1107, 641]],

 [[1107, 640]],

 [[1107, 639]],

 [[1106, 638]],

 [[1106, 637]],

 [[1106, 636]],

 [[1106, 635]],

 [[1105, 634]],

 [[1105, 633]],

 [[1104, 632]],

 [[1104, 631]],

 [[1104, 630]],

 [[1103, 629]],

 [[1103, 628]],

 [[1102, 627]],

 [[1102, 626]],

 [[1101, 625]],

 [[1101, 624]],

 [[1100, 623]],

 [[1100, 622]],

 [[1099, 621]],

 [[1098, 620]],

 [[1098, 619]],

 [[1097, 618]],

 [[1097, 617]],

 [[1096, 616]],

 [[1095, 615]],

 [[1094, 614]],

 [[1093, 613]],

 [[1093, 612]],

 [[1092, 611]],

 [[1091, 610]],

 [[1090, 609]],

 [[1089, 608]],

 [[1088, 607]],

 [[1087, 606]],

 [[1086, 605]],

 [[1085, 605]],

 [[1084, 604]],

 [[1083, 603]],

 [[1082, 602]],

 [[1081, 602]],

 [[1080, 601]],

 [[1079, 600]],

 [[1078, 600]],

 [[1077, 599]],

 [[1076, 598]],

 [[1075, 598]],

 [[1074, 598]],

 [[1073, 597]],

 [[1072, 597]],

 [[1071, 596]],

 [[1070, 596]],

 [[1069, 596]],

 [[1068, 596]],

 [[1067, 595]],

 [[1066, 595]],

 [[1065, 595]],

 [[1064, 595]],

 [[1063, 595]],

 [[1062, 595]],

 [[1061, 595]],

 [[1060, 595]],

 [[1059, 595]],

 [[1058, 595]],

 [[1057, 595]],

 [[1056, 595]],

 [[1055, 595]],

 [[1054, 595]],

 [[1053, 595]],

 [[1052, 595]],

 [[1051, 595]],

 [[1050, 595]],

 [[1049, 596]],

 [[1048, 596]],

 [[1047, 596]],

 [[1046, 596]],

 [[1045, 596]],

 [[1044, 596]],

 [[1043, 596]],

 [[1042, 596]],

 [[1041, 596]],

 [[1040, 596]],

 [[1039, 596]],

 [[1038, 596]],

 [[1037, 597]],

 [[1036, 597]],

 [[1035, 597]],

 [[1034, 597]],

 [[1033, 597]],

 [[1032, 597]],

 [[1031, 597]],

 [[1030, 597]],

 [[1029, 597]],

 [[1028, 597]],

 [[1027, 597]],

 [[1026, 598]],

 [[1025, 598]],

 [[1024, 598]],

 [[1023, 598]],

 [[1022, 598]],

 [[1021, 599]],

 [[1020, 599]],

 [[1019, 599]],

 [[1018, 599]],

 [[1017, 600]],

 [[1016, 600]],

 [[1015, 600]],

 [[1014, 600]],

 [[1013, 601]],

 [[1012, 601]],

 [[1011, 602]],

 [[1010, 602]],

 [[1009, 602]],

 [[1008, 603]],

 [[1007, 603]],

 [[1006, 604]],

 [[1005, 604]],

 [[1004, 605]],

 [[1003, 606]],

 [[1002, 606]],

 [[1001, 607]],

 [[1000, 608]],

 [[ 999, 609]],

 [[ 998, 609]],

 [[ 997, 610]],

 [[ 996, 611]],

 [[ 995, 612]],

 [[ 994, 613]],

 [[ 993, 613]],

 [[ 992, 614]],

 [[ 991, 615]],

 [[ 990, 616]],

 [[ 989, 617]],

 [[ 988, 618]],

 [[ 987, 619]],

 [[ 986, 620]],

 [[ 985, 621]],

 [[ 984, 622]],

 [[ 983, 623]],

 [[ 982, 624]],

 [[ 981, 625]],

 [[ 980, 625]],

 [[ 979, 626]],

 [[ 978, 627]],

 [[ 977, 628]],

 [[ 976, 629]],

 [[ 975, 629]],

 [[ 974, 630]],

 [[ 973, 631]],

 [[ 972, 631]],

 [[ 971, 632]],

 [[ 970, 633]],

 [[ 969, 633]],

 [[ 968, 634]],

 [[ 967, 635]],

 [[ 966, 635]],

 [[ 965, 636]],

 [[ 964, 636]],

 [[ 963, 637]],

 [[ 962, 637]],

 [[ 961, 638]],

 [[ 960, 639]],

 [[ 959, 639]],

 [[ 958, 640]],

 [[ 957, 641]],

 [[ 956, 641]],

 [[ 955, 642]],

 [[ 954, 643]],

 [[ 953, 643]],

 [[ 952, 644]],

 [[ 951, 644]],

 [[ 950, 645]],

 [[ 949, 646]],

 [[ 948, 646]],

 [[ 947, 647]],

 [[ 946, 647]],

 [[ 945, 648]],

 [[ 944, 648]],

 [[ 943, 649]],

 [[ 942, 649]],

 [[ 941, 650]],

 [[ 940, 650]],

 [[ 939, 650]],

 [[ 938, 651]],

 [[ 937, 651]],

 [[ 936, 651]],

 [[ 935, 652]],

 [[ 934, 652]],

 [[ 933, 652]],

 [[ 932, 653]],

 [[ 931, 653]],

 [[ 930, 653]],

 [[ 929, 654]],

 [[ 928, 654]],

 [[ 927, 654]],

 [[ 926, 654]],

 [[ 925, 655]],

 [[ 924, 655]],

 [[ 923, 655]],

 [[ 922, 656]],

 [[ 921, 656]],

 [[ 920, 656]],

 [[ 919, 656]],

 [[ 918, 657]],

 [[ 917, 657]],

 [[ 916, 657]],

 [[ 915, 657]],

 [[ 914, 658]],

 [[ 913, 658]],

 [[ 912, 658]],

 [[ 911, 658]],

 [[ 910, 659]],

 [[ 909, 659]],

 [[ 908, 659]],

 [[ 907, 659]],

 [[ 906, 659]],

 [[ 905, 659]],

 [[ 904, 659]],

 [[ 903, 659]],

 [[ 902, 659]],

 [[ 901, 660]],

 [[ 900, 659]],

 [[ 899, 659]],

 [[ 898, 659]],

 [[ 897, 659]],

 [[ 896, 659]],

 [[ 895, 659]],

 [[ 894, 659]],

 [[ 893, 659]],

 [[ 892, 659]],

 [[ 891, 659]],

 [[ 890, 659]],

 [[ 889, 659]],

 [[ 888, 659]],

 [[ 887, 658]],

 [[ 886, 658]],

 [[ 885, 659]],

 [[ 884, 658]],

 [[ 883, 658]],

 [[ 882, 658]],

 [[ 881, 658]],

 [[ 880, 658]],

 [[ 879, 658]],

 [[ 878, 658]],

 [[ 877, 658]],

 [[ 876, 658]],

 [[ 875, 658]],

 [[ 874, 658]],

 [[ 873, 658]],

 [[ 872, 658]],

 [[ 871, 657]],

 [[ 870, 657]],

 [[ 869, 657]],

 [[ 868, 657]],

 [[ 867, 657]],

 [[ 866, 656]],

 [[ 865, 656]],

 [[ 864, 656]],

 [[ 863, 655]],

 [[ 862, 655]],

 [[ 861, 655]],

 [[ 860, 654]],

 [[ 859, 654]],

 [[ 858, 654]],

 [[ 857, 654]],

 [[ 856, 653]],

 [[ 855, 653]],

 [[ 854, 653]],

 [[ 853, 652]],

 [[ 852, 652]],

 [[ 851, 652]],

 [[ 850, 651]],

 [[ 849, 651]],

 [[ 848, 651]],

 [[ 847, 650]],

 [[ 846, 650]],

 [[ 845, 650]],

 [[ 844, 649]],

 [[ 843, 649]],

 [[ 842, 648]],

 [[ 841, 648]],

 [[ 840, 648]],

 [[ 839, 647]],

 [[ 838, 647]],

 [[ 837, 647]],

 [[ 836, 646]],

 [[ 835, 646]],

 [[ 834, 645]],

 [[ 833, 645]],

 [[ 832, 645]],

 [[ 831, 644]],

 [[ 830, 644]],

 [[ 829, 643]],

 [[ 828, 643]],

 [[ 827, 642]],

 [[ 826, 642]],

 [[ 825, 642]],

 [[ 824, 641]],

 [[ 823, 640]],

 [[ 822, 640]],

 [[ 821, 640]],

 [[ 820, 639]],

 [[ 819, 639]],

 [[ 818, 638]],

 [[ 817, 638]],

 [[ 816, 638]],

 [[ 815, 637]],

 [[ 814, 637]],

 [[ 813, 636]],

 [[ 812, 636]],

 [[ 811, 635]],

 [[ 810, 635]],

 [[ 809, 634]],

 [[ 808, 634]],

 [[ 807, 633]],

 [[ 806, 633]],

 [[ 805, 632]],

 [[ 804, 632]],

 [[ 803, 631]],

 [[ 802, 630]],

 [[ 801, 630]],

 [[ 800, 629]],

 [[ 799, 628]],

 [[ 798, 628]],

 [[ 797, 627]],

 [[ 796, 626]],

 [[ 795, 625]],

 [[ 794, 624]],

 [[ 793, 623]],

 [[ 792, 622]],

 [[ 791, 621]],

 [[ 790, 620]],

 [[ 789, 619]],

 [[ 789, 618]],

 [[ 788, 617]],

 [[ 787, 616]],

 [[ 787, 615]],

 [[ 786, 614]],

 [[ 785, 613]],

 [[ 785, 612]],

 [[ 784, 611]],

 [[ 784, 610]],

 [[ 783, 609]],

 [[ 782, 608]],

 [[ 781, 607]],

 [[ 781, 606]],

 [[ 780, 605]],

 [[ 779, 604]],

 [[ 778, 603]],

 [[ 777, 602]],

 [[ 776, 601]],

 [[ 775, 600]],

 [[ 774, 599]],

 [[ 774, 598]],

 [[ 773, 597]],

 [[ 772, 596]],

 [[ 771, 595]],

 [[ 770, 594]],

 [[ 770, 593]],

 [[ 769, 592]],

 [[ 768, 591]],

 [[ 768, 590]],

 [[ 767, 589]],

 [[ 766, 588]],

 [[ 766, 587]],

 [[ 765, 586]],

 [[ 764, 585]],

 [[ 764, 584]],

 [[ 763, 583]],

 [[ 763, 582]],

 [[ 762, 581]],

 [[ 762, 580]],

 [[ 761, 579]],

 [[ 761, 578]],

 [[ 760, 577]],

 [[ 760, 576]],

 [[ 759, 575]],

 [[ 759, 574]],

 [[ 758, 573]],

 [[ 758, 572]],

 [[ 757, 571]],

 [[ 757, 570]],

 [[ 756, 569]],

 [[ 756, 568]],

 [[ 755, 567]],

 [[ 755, 566]],

 [[ 754, 565]],

 [[ 753, 564]],

 [[ 753, 563]],

 [[ 753, 562]],

 [[ 752, 561]],

 [[ 751, 560]],

 [[ 751, 559]],

 [[ 751, 558]],

 [[ 750, 557]],

 [[ 750, 556]],

 [[ 750, 555]],

 [[ 749, 554]],

 [[ 749, 553]],

 [[ 749, 552]],

 [[ 748, 551]],

 [[ 748, 550]],

 [[ 748, 549]],

 [[ 748, 548]],

 [[ 748, 547]],

 [[ 747, 546]],

 [[ 747, 545]],

 [[ 747, 544]],

 [[ 747, 543]],

 [[ 747, 542]],

 [[ 747, 541]],

 [[ 747, 540]],

 [[ 746, 539]],

 [[ 746, 538]],

 [[ 746, 537]],

 [[ 746, 536]],

 [[ 745, 535]],

 [[ 745, 534]],

 [[ 745, 533]],

 [[ 745, 532]],

 [[ 745, 531]],

 [[ 744, 530]],

 [[ 744, 529]],

 [[ 744, 528]],

 [[ 744, 527]],

 [[ 744, 526]],

 [[ 744, 525]],

 [[ 743, 524]],

 [[ 743, 523]],

 [[ 743, 522]],

 [[ 743, 521]],

 [[ 743, 520]],

 [[ 742, 519]],

 [[ 742, 518]],

 [[ 742, 517]],

 [[ 742, 516]],

 [[ 742, 515]],

 [[ 742, 514]],

 [[ 741, 513]],

 [[ 741, 512]],

 [[ 741, 511]],

 [[ 741, 510]],

 [[ 741, 509]],

 [[ 741, 508]],

 [[ 741, 507]],

 [[ 741, 506]],

 [[ 741, 505]],

 [[ 741, 504]],

 [[ 741, 503]],

 [[ 741, 502]],

 [[ 741, 501]],

 [[ 741, 500]],

 [[ 741, 499]],

 [[ 741, 498]],

 [[ 741, 497]],

 [[ 741, 496]],

 [[ 741, 495]],

 [[ 741, 494]],

 [[ 741, 493]],

 [[ 741, 492]],

 [[ 741, 491]],

 [[ 741, 490]],

 [[ 741, 489]],

 [[ 741, 488]],

 [[ 741, 487]],

 [[ 741, 486]],

 [[ 741, 485]],

 [[ 741, 484]],

 [[ 741, 483]],

 [[ 741, 482]],

 [[ 742, 481]],

 [[ 742, 480]],

 [[ 742, 479]],

 [[ 742, 478]],

 [[ 742, 477]],

 [[ 742, 476]],

 [[ 742, 475]],

 [[ 742, 474]],

 [[ 742, 473]],

 [[ 742, 472]],

 [[ 742, 471]],

 [[ 743, 470]],

 [[ 743, 469]],

 [[ 743, 468]],

 [[ 743, 467]],

 [[ 743, 466]],

 [[ 743, 465]],

 [[ 743, 464]],

 [[ 743, 463]],

 [[ 744, 462]],

 [[ 744, 461]],

 [[ 744, 460]],

 [[ 744, 459]],

 [[ 744, 458]],

 [[ 745, 457]],

 [[ 745, 456]],

 [[ 745, 455]],

 [[ 745, 454]],

 [[ 745, 453]],

 [[ 745, 452]],

 [[ 746, 451]],

 [[ 746, 450]],

 [[ 746, 449]],

 [[ 746, 448]],

 [[ 747, 447]],

 [[ 747, 446]],

 [[ 747, 445]],

 [[ 747, 444]],

 [[ 747, 443]],

 [[ 748, 442]],

 [[ 748, 441]],

 [[ 748, 440]],

 [[ 749, 439]],

 [[ 749, 438]],

 [[ 750, 437]],

 [[ 750, 436]],

 [[ 750, 435]],

 [[ 751, 434]],

 [[ 752, 433]],

 [[ 752, 432]],

 [[ 753, 431]],

 [[ 753, 430]],

 [[ 754, 429]],

 [[ 755, 428]],

 [[ 756, 427]],

 [[ 757, 426]],

 [[ 758, 425]],

 [[ 759, 424]],

 [[ 760, 423]],

 [[ 761, 422]],

 [[ 761, 421]],

 [[ 762, 420]],

 [[ 763, 419]],

 [[ 764, 418]],

 [[ 764, 417]],

 [[ 765, 416]],

 [[ 766, 415]],

 [[ 766, 414]],

 [[ 767, 413]],

 [[ 768, 412]],

 [[ 768, 411]],

 [[ 769, 410]],

 [[ 770, 409]],

 [[ 770, 408]],

 [[ 771, 407]],

 [[ 771, 406]],

 [[ 772, 405]],

 [[ 773, 404]],

 [[ 773, 403]],

 [[ 774, 402]],

 [[ 774, 401]],

 [[ 775, 400]],

 [[ 775, 399]],

 [[ 776, 398]],

 [[ 776, 397]],

 [[ 777, 396]],

 [[ 778, 395]],

 [[ 778, 394]],

 [[ 779, 393]],

 [[ 780, 392]],

 [[ 780, 391]],

 [[ 781, 390]],

 [[ 782, 389]],

 [[ 783, 388]],

 [[ 783, 387]],

 [[ 784, 386]],

 [[ 785, 386]],

 [[ 785, 385]],

 [[ 786, 384]],

 [[ 787, 383]],

 [[ 788, 382]],

 [[ 789, 381]],

 [[ 790, 380]],

 [[ 791, 379]],

 [[ 792, 378]],

 [[ 793, 377]],

 [[ 794, 376]],

 [[ 795, 375]],

 [[ 796, 374]],

 [[ 797, 373]],

 [[ 798, 373]],

 [[ 798, 372]],

 [[ 799, 371]],

 [[ 800, 370]],

 [[ 801, 369]],

 [[ 802, 368]],

 [[ 803, 367]],

 [[ 804, 367]],

 [[ 804, 366]],

 [[ 805, 365]],

 [[ 806, 365]],

 [[ 807, 364]],

 [[ 808, 363]],

 [[ 809, 363]],

 [[ 810, 362]],

 [[ 811, 361]],

 [[ 812, 361]],

 [[ 813, 361]],

 [[ 814, 360]],

 [[ 815, 360]],

 [[ 816, 360]],

 [[ 817, 359]],

 [[ 818, 359]],

 [[ 819, 359]],

 [[ 820, 359]],

 [[ 821, 358]],

 [[ 822, 358]],

 [[ 823, 358]],

 [[ 824, 357]],

 [[ 825, 357]],

 [[ 826, 357]],

 [[ 827, 356]],

 [[ 828, 355]],

 [[ 829, 355]],

 [[ 830, 355]],

 [[ 831, 354]],

 [[ 832, 353]],

 [[ 833, 353]],

 [[ 834, 353]],

 [[ 835, 352]],

 [[ 836, 352]],

 [[ 837, 351]],

 [[ 838, 351]],

 [[ 839, 350]],

 [[ 840, 350]],

 [[ 841, 349]],

 [[ 842, 349]],

 [[ 843, 348]],

 [[ 844, 348]],

 [[ 845, 347]],

 [[ 846, 347]],

 [[ 847, 346]],

 [[ 848, 346]],

 [[ 849, 345]],

 [[ 850, 345]],

 [[ 851, 345]],

 [[ 852, 344]],

 [[ 853, 344]],

 [[ 854, 344]],

 [[ 855, 343]],

 [[ 856, 343]],

 [[ 857, 342]],

 [[ 858, 342]],

 [[ 859, 342]],

 [[ 860, 341]],

 [[ 861, 341]],

 [[ 862, 341]],

 [[ 863, 340]],

 [[ 864, 340]],

 [[ 865, 340]],

 [[ 866, 339]],

 [[ 867, 339]],

 [[ 868, 339]],

 [[ 869, 338]],

 [[ 870, 338]],

 [[ 871, 338]],

 [[ 872, 338]],

 [[ 873, 338]],

 [[ 874, 338]],

 [[ 875, 337]],

 [[ 876, 337]],

 [[ 877, 337]],

 [[ 878, 337]],

 [[ 879, 337]],

 [[ 880, 336]],

 [[ 881, 336]],

 [[ 882, 336]],

 [[ 883, 336]],

 [[ 884, 336]],

 [[ 885, 336]],

 [[ 886, 336]],

 [[ 887, 336]],

 [[ 888, 336]],

 [[ 889, 336]],

 [[ 890, 336]],

 [[ 891, 336]],

 [[ 892, 336]],

 [[ 893, 336]],

 [[ 894, 336]],

 [[ 895, 336]],

 [[ 896, 336]],

 [[ 897, 336]],

 [[ 898, 336]],

 [[ 899, 336]],

 [[ 900, 336]],

 [[ 901, 336]],

 [[ 902, 336]],

 [[ 903, 336]],

 [[ 904, 336]],

 [[ 905, 336]],

 [[ 906, 336]],

 [[ 907, 336]],

 [[ 908, 336]],

 [[ 909, 336]],

 [[ 910, 336]],

 [[ 911, 336]],

 [[ 912, 336]],

 [[ 913, 336]],

 [[ 914, 336]],

 [[ 915, 337]],

 [[ 916, 337]],

 [[ 917, 337]],

 [[ 918, 337]],

 [[ 919, 337]],

 [[ 920, 338]],

 [[ 921, 338]],

 [[ 922, 338]],

 [[ 923, 339]],

 [[ 924, 339]],

 [[ 925, 339]],

 [[ 926, 339]],

 [[ 927, 340]],

 [[ 928, 340]],

 [[ 929, 340]],

 [[ 930, 341]],

 [[ 931, 341]],

 [[ 932, 341]],

 [[ 933, 341]],

 [[ 934, 342]],

 [[ 935, 342]],

 [[ 936, 342]],

 [[ 937, 343]],

 [[ 938, 343]],

 [[ 939, 343]],

 [[ 940, 344]],

 [[ 941, 344]],

 [[ 942, 344]],

 [[ 943, 345]],

 [[ 944, 345]],

 [[ 945, 345]],

 [[ 946, 346]],

 [[ 947, 346]],

 [[ 948, 346]],

 [[ 949, 347]],

 [[ 950, 347]],

 [[ 951, 347]],

 [[ 952, 348]],

 [[ 953, 349]],

 [[ 954, 349]],

 [[ 955, 350]],

 [[ 956, 351]],

 [[ 957, 352]],

 [[ 958, 353]],

 [[ 959, 354]],

 [[ 960, 355]],

 [[ 961, 356]],

 [[ 962, 357]],

 [[ 962, 358]],

 [[ 963, 359]],

 [[ 964, 360]],

 [[ 964, 361]],

 [[ 965, 362]],

 [[ 965, 363]],

 [[ 966, 364]],

 [[ 966, 365]],

 [[ 967, 366]],

 [[ 967, 367]],

 [[ 968, 368]],

 [[ 969, 369]],

 [[ 970, 370]],

 [[ 971, 371]],

 [[ 972, 372]],

 [[ 973, 373]],

 [[ 974, 373]],

 [[ 975, 374]],

 [[ 976, 375]],

 [[ 977, 376]],

 [[ 978, 377]],

 [[ 979, 377]],

 [[ 980, 378]],

 [[ 981, 379]],

 [[ 982, 380]],

 [[ 983, 380]],

 [[ 984, 381]],

 [[ 985, 382]],

 [[ 986, 383]],

 [[ 987, 384]],

 [[ 988, 385]],

 [[ 989, 386]],

 [[ 990, 387]],

 [[ 991, 388]],

 [[ 992, 389]],

 [[ 993, 390]],

 [[ 994, 391]],

 [[ 995, 392]],

 [[ 996, 393]],

 [[ 997, 394]],

 [[ 998, 395]],

 [[ 999, 396]],

 [[1000, 397]],

 [[1001, 398]],

 [[1002, 399]],

 [[1003, 400]],

 [[1004, 401]],

 [[1005, 402]],

 [[1006, 403]],

 [[1007, 404]],

 [[1008, 405]],

 [[1009, 406]],

 [[1010, 407]],

 [[1011, 408]],

 [[1012, 408]],

 [[1013, 409]],

 [[1014, 410]],

 [[1015, 410]],

 [[1016, 411]],

 [[1017, 412]],

 [[1018, 412]],

 [[1019, 413]],

 [[1020, 413]],

 [[1021, 414]],

 [[1022, 414]],

 [[1023, 415]],

 [[1024, 415]],

 [[1025, 416]],

 [[1026, 416]],

 [[1027, 417]],

 [[1028, 417]],

 [[1029, 417]],

 [[1030, 418]],

 [[1031, 418]],

 [[1032, 419]],

 [[1033, 419]],

 [[1034, 419]],

 [[1035, 420]],

 [[1036, 420]],

 [[1037, 420]],

 [[1038, 420]],

 [[1039, 421]],

 [[1040, 421]],

 [[1041, 421]],

 [[1042, 421]],

 [[1043, 421]],

 [[1044, 422]],

 [[1045, 422]],

 [[1046, 422]],

 [[1047, 422]],

 [[1048, 422]],

 [[1049, 423]],

 [[1050, 423]],

 [[1051, 423]],

 [[1052, 423]],

 [[1053, 423]],

 [[1054, 424]],

 [[1055, 424]],

 [[1056, 424]],

 [[1057, 424]],

 [[1058, 424]],

 [[1059, 424]],

 [[1060, 425]],

 [[1061, 425]],

 [[1062, 425]],

 [[1063, 425]],

 [[1064, 425]],

 [[1065, 425]],

 [[1066, 426]],

 [[1067, 426]],

 [[1068, 426]],

 [[1069, 426]],

 [[1070, 426]],

 [[1071, 426]],

 [[1072, 426]],

 [[1073, 426]],

 [[1074, 426]],

 [[1075, 426]],

 [[1076, 426]],

 [[1077, 426]],

 [[1078, 426]],

 [[1079, 426]],

 [[1080, 426]],

 [[1081, 426]],

 [[1082, 426]],

 [[1083, 426]],

 [[1084, 426]],

 [[1085, 426]],

 [[1086, 426]],

 [[1087, 426]],

 [[1088, 426]],

 [[1089, 426]],

 [[1090, 426]],

 [[1091, 426]],

 [[1092, 426]],

 [[1093, 425]],

 [[1094, 425]],

 [[1095, 425]],

 [[1096, 425]],

 [[1097, 425]],

 [[1098, 424]],

 [[1099, 424]],

 [[1100, 423]],

 [[1101, 423]],

 [[1102, 422]],

 [[1103, 422]],

 [[1104, 421]],

 [[1105, 420]],

 [[1106, 419]],

 [[1107, 419]],

 [[1107, 418]],

 [[1108, 417]],

 [[1109, 416]],

 [[1110, 415]],

 [[1111, 414]],

 [[1112, 413]],

 [[1112, 412]],

 [[1113, 411]],

 [[1114, 410]],

 [[1114, 409]],

 [[1115, 408]],

 [[1116, 407]],

 [[1116, 406]],

 [[1117, 405]],

 [[1117, 404]],

 [[1118, 403]],

 [[1118, 402]],

 [[1119, 401]],

 [[1119, 400]],

 [[1120, 399]],

 [[1120, 398]],

 [[1121, 397]],

 [[1121, 396]],

 [[1121, 395]],

 [[1122, 394]],

 [[1122, 393]],

 [[1122, 392]],

 [[1123, 391]],

 [[1123, 390]],

 [[1123, 389]],

 [[1124, 388]],

 [[1124, 387]],

 [[1124, 386]],

 [[1124, 385]],

 [[1125, 384]],

 [[1125, 383]],

 [[1126, 382]],

 [[1127, 381]],

 [[1127, 380]],

 [[1127, 379]],

 [[1128, 378]],

 [[1128, 377]],

 [[1129, 376]],

 [[1129, 375]],

 [[1130, 374]],

 [[1130, 373]],

 [[1131, 372]],

 [[1131, 371]],

 [[1132, 370]],

 [[1132, 369]],

 [[1132, 368]],

 [[1133, 367]],

 [[1133, 366]],

 [[1134, 365]],

 [[1134, 364]],

 [[1134, 363]],

 [[1135, 362]],

 [[1135, 361]],

 [[1135, 360]],

 [[1135, 359]],

 [[1135, 358]],

 [[1136, 357]],

 [[1136, 356]],

 [[1136, 355]],

 [[1136, 354]],

 [[1136, 353]],

 [[1137, 352]],

 [[1137, 351]],

 [[1137, 350]],

 [[1137, 349]],

 [[1137, 348]],

 [[1137, 347]],

 [[1137, 346]],

 [[1137, 345]],

 [[1138, 344]],

 [[1138, 343]],

 [[1138, 342]],

 [[1138, 341]],

 [[1138, 340]],

 [[1139, 339]],

 [[1139, 338]],

 [[1139, 337]],

 [[1139, 336]],

 [[1139, 335]],

 [[1139, 334]],

 [[1140, 333]],

 [[1140, 332]],

 [[1140, 331]],

 [[1140, 330]],

 [[1140, 329]],

 [[1140, 328]],

 [[1140, 327]],

 [[1140, 326]],

 [[1141, 325]],

 [[1141, 324]],

 [[1141, 323]],

 [[1141, 322]],

 [[1141, 321]],

 [[1141, 320]],

 [[1141, 319]],

 [[1141, 318]],

 [[1141, 317]],

 [[1141, 316]],

 [[1142, 315]],

 [[1142, 314]],

 [[1142, 313]],

 [[1142, 312]],

 [[1142, 311]],

 [[1142, 310]],

 [[1142, 309]],

 [[1142, 308]],

 [[1142, 307]],

 [[1142, 306]],

 [[1142, 305]],

 [[1143, 304]],

 [[1143, 303]],

 [[1143, 302]],

 [[1143, 301]],

 [[1143, 300]],

 [[1143, 299]],

 [[1143, 298]],

 [[1143, 297]],

 [[1143, 296]],

 [[1143, 295]],

 [[1143, 294]],

 [[1144, 293]],

 [[1144, 292]],

 [[1144, 291]],

 [[1144, 290]],

 [[1144, 289]],

 [[1144, 288]],

 [[1144, 287]],

 [[1144, 286]],

 [[1144, 285]],

 [[1144, 284]],

 [[1144, 283]],

 [[1144, 282]],

 [[1144, 281]],

 [[1144, 280]],

 [[1144, 279]],

 [[1144, 278]],

 [[1144, 277]],

 [[1144, 276]],

 [[1144, 275]],

 [[1145, 274]],

 [[1145, 273]],

 [[1145, 272]],

 [[1145, 271]],

 [[1145, 270]],

 [[1145, 269]],

 [[1145, 268]],

 [[1145, 267]],

 [[1145, 266]],

 [[1146, 265]],

 [[1146, 264]],

 [[1146, 263]],

 [[1146, 262]],

 [[1146, 261]],

 [[1146, 260]],

 [[1146, 259]],

 [[1146, 258]],

 [[1146, 257]],

 [[1146, 256]],

 [[1146, 255]],

 [[1147, 254]],

 [[1147, 253]],

 [[1147, 252]],

 [[1147, 251]],

 [[1147, 250]],

 [[1147, 249]],

 [[1147, 248]],

 [[1147, 247]],

 [[1147, 246]],

 [[1147, 245]],

 [[1147, 244]],

 [[1147, 243]],

 [[1147, 242]],

 [[1147, 241]],

 [[1147, 240]],

 [[1147, 239]],

 [[1147, 238]],

 [[1148, 237]],

 [[1148, 236]],

 [[1148, 235]],

 [[1148, 234]],

 [[1148, 233]],

 [[1148, 232]],

 [[1148, 231]],

 [[1148, 230]],

 [[1148, 229]],

 [[1148, 228]],

 [[1148, 227]],

 [[1148, 226]],

 [[1149, 225]],

 [[1149, 224]],

 [[1149, 223]],

 [[1149, 222]],

 [[1149, 221]],

 [[1149, 220]],

 [[1149, 219]],

 [[1149, 218]],

 [[1149, 217]],

 [[1149, 216]],

 [[1149, 215]],

 [[1149, 214]],

 [[1149, 213]],

 [[1149, 212]],

 [[1149, 211]],

 [[1149, 210]],

 [[1149, 209]],

 [[1149, 208]],

 [[1149, 207]],

 [[1149, 206]],

 [[1149, 205]],

 [[1149, 204]],

 [[1149, 203]],

 [[1149, 202]],

 [[1149, 201]],

 [[1149, 200]],

 [[1150, 199]],

 [[1150, 198]],

 [[1150, 197]],

 [[1150, 196]],

 [[1150, 195]],

 [[1150, 194]],

 [[1150, 193]],

 [[1150, 192]],

 [[1151, 191]],

 [[1151, 190]],

 [[1151, 189]],

 [[1151, 188]],

 [[1151, 187]],

 [[1151, 186]],

 [[1151, 185]],

 [[1151, 184]],

 [[1151, 183]],

 [[1151, 182]],

 [[1151, 181]],

 [[1151, 180]],

 [[1151, 179]],

 [[1151, 178]],

 [[1151, 177]],

 [[1152, 176]],

 [[1152, 175]],

 [[1152, 174]],

 [[1152, 173]],

 [[1152, 172]],

 [[1152, 171]],

 [[1152, 170]],

 [[1152, 169]],

 [[1152, 168]],

 [[1152, 167]],

 [[1152, 166]],

 [[1152, 165]],

 [[1152, 164]],

 [[1152, 163]],

 [[1152, 162]],

 [[1152, 161]],

 [[1152, 160]],

 [[1152, 159]],

 [[1152, 158]],

 [[1152, 157]],

 [[1152, 156]],

 [[1152, 155]],

 [[1152, 154]],

 [[1152, 153]],

 [[1152, 152]],

 [[1152, 151]],

 [[1152, 150]],

 [[1152, 149]],

 [[1153, 148]],

 [[1153, 147]],

 [[1153, 146]],

 [[1153, 145]],

 [[1153, 144]],

 [[1153, 143]],

 [[1153, 142]],

 [[1153, 141]],

 [[1153, 140]],

 [[1153, 139]],

 [[1154, 138]],

 [[1154, 137]],

 [[1154, 136]],

 [[1154, 135]],

 [[1154, 134]],

 [[1154, 133]],

 [[1154, 132]],

 [[1154, 131]],

 [[1154, 130]],

 [[1154, 129]],

 [[1154, 128]],

 [[1155, 127]],

 [[1155, 126]],

 [[1155, 125]],

 [[1155, 124]],

 [[1155, 123]],

 [[1155, 122]],

 [[1155, 121]],

 [[1155, 120]],

 [[1156, 119]],

 [[1156, 118]],

 [[1156, 117]],

 [[1156, 116]],

 [[1156, 115]],

 [[1156, 114]],

 [[1156, 113]],

 [[1156, 112]],

 [[1156, 111]],

 [[1156, 110]],

 [[1156, 109]],

 [[1157, 108]],

 [[1156, 107]],

 [[1157, 106]],

 [[1157, 105]],

 [[1157, 104]],

 [[1157, 103]],

 [[1157, 102]],

 [[1157, 101]],

 [[1156, 100]],

 [[1157,  99]],

 [[1157,  98]],

 [[1156,  97]],

 [[1156,  96]],

 [[1156,  95]],

 [[1156,  94]],

 [[1156,  93]],

 [[1156,  92]],

 [[1156,  91]],

 [[1156,  90]],

 [[1156,  89]],

 [[1156,  88]],

 [[1156,  87]],

 [[1156,  86]],

 [[1156,  85]],

 [[1156,  84]],

 [[1156,  83]],

 [[1156,  82]],

 [[1157,  81]],

 [[1157,  80]],

 [[1157,  79]],

 [[1157,  78]],

 [[1157,  77]],

 [[1157,  76]],

 [[1157,  75]],

 [[1158,  74]],

 [[1158,  73]],

 [[1158,  72]],

 [[1158,  71]],

 [[1158,  70]],

 [[1158,  69]],

 [[1159,  68]],

 [[1159,  67]],

 [[1159,  66]],

 [[1159,  65]],

 [[1159,  64]],

 [[1159,  63]],

 [[1159,  62]],

 [[1160,  61]],

 [[1160,  60]],

 [[1160,  59]],

 [[1160,  58]],

 [[1160,  57]],

 [[1160,  56]],

 [[1160,  55]],

 [[1161,  54]],

 [[1161,  53]],

 [[1161,  52]],

 [[1161,  51]],

 [[1161,  50]],

 [[1161,  49]],

 [[1161,  48]],

 [[1161,  47]],

 [[1160,  46]],

 [[1160,  45]],

 [[1160,  44]],

 [[1159,  43]],

 [[1159,  42]],

 [[1158,  41]],

 [[1157,  40]],

 [[1156,  40]],

 [[1155,  39]],

 [[1154,  38]],

 [[1153,  38]],

 [[1152,  38]],

 [[1151,  37]],

 [[1150,  37]],

 [[1149,  37]],

 [[1148,  37]],

 [[1147,  37]],

 [[1146,  37]],

 [[1145,  37]],

 [[1144,  37]],

 [[1143,  36]],

 [[1142,  36]],

 [[1141,  36]],

 [[1140,  36]],

 [[1139,  36]],

 [[1138,  36]],

 [[1137,  36]],

 [[1136,  36]],

 [[1135,  36]],

 [[1134,  36]],

 [[1133,  36]],

 [[1132,  36]],

 [[1131,  36]],

 [[1130,  36]],

 [[1129,  35]],

 [[1128,  35]],

 [[1127,  35]],

 [[1126,  35]],

 [[1125,  35]],

 [[1124,  35]],

 [[1123,  35]],

 [[1122,  35]],

 [[1121,  35]],

 [[1120,  35]],

 [[1119,  34]],

 [[1118,  34]],

 [[1117,  35]],

 [[1116,  35]],

 [[1115,  34]],

 [[1114,  34]],

 [[1113,  34]],

 [[1112,  34]],

 [[1111,  34]],

 [[1110,  34]],

 [[1109,  34]],

 [[1108,  34]],

 [[1107,  34]],

 [[1106,  34]],

 [[1105,  34]],

 [[1104,  34]],

 [[1103,  34]],

 [[1102,  34]],

 [[1101,  34]],

 [[1100,  34]],

 [[1099,  34]],

 [[1098,  34]],

 [[1097,  34]],

 [[1096,  34]],

 [[1095,  34]],

 [[1094,  34]],

 [[1093,  34]],

 [[1092,  34]],

 [[1091,  34]],

 [[1090,  34]],

 [[1089,  34]],

 [[1088,  34]],

 [[1087,  34]],

 [[1086,  34]],

 [[1085,  34]],

 [[1084,  34]],

 [[1083,  34]],

 [[1082,  34]],

 [[1081,  34]],

 [[1080,  34]],

 [[1079,  34]],

 [[1078,  34]],

 [[1077,  34]],

 [[1076,  34]],

 [[1075,  34]],

 [[1074,  34]],

 [[1073,  34]],

 [[1072,  33]],

 [[1071,  33]],

 [[1070,  33]],

 [[1069,  33]],

 [[1068,  33]],

 [[1067,  33]],

 [[1066,  33]],

 [[1065,  33]],

 [[1064,  33]],

 [[1063,  33]],

 [[1062,  33]],

 [[1061,  33]],

 [[1060,  33]],

 [[1059,  32]],

 [[1058,  32]],

 [[1057,  32]],

 [[1056,  32]],

 [[1055,  32]],

 [[1054,  32]],

 [[1053,  32]],

 [[1052,  32]],

 [[1051,  32]],

 [[1050,  32]],

 [[1049,  32]],

 [[1048,  32]],

 [[1047,  32]],

 [[1046,  32]],

 [[1045,  32]],

 [[1044,  32]],

 [[1043,  32]],

 [[1042,  32]],

 [[1041,  32]],

 [[1040,  32]],

 [[1039,  32]],

 [[1038,  32]],

 [[1037,  32]],

 [[1036,  32]],

 [[1035,  32]],

 [[1034,  32]],

 [[1033,  32]],

 [[1032,  31]],

 [[1031,  31]],

 [[1030,  31]],

 [[1029,  31]],

 [[1028,  31]],

 [[1027,  31]],

 [[1026,  31]],

 [[1025,  31]],

 [[1024,  31]],

 [[1023,  31]],

 [[1022,  31]],

 [[1021,  30]],

 [[1020,  30]],

 [[1019,  30]],

 [[1018,  30]],

 [[1017,  30]],

 [[1016,  30]],

 [[1015,  30]],

 [[1014,  30]],

 [[1013,  30]],

 [[1012,  30]],

 [[1011,  30]],

 [[1010,  30]],

 [[1009,  30]],

 [[1008,  30]],

 [[1007,  30]],

 [[1006,  30]],

 [[1005,  30]],

 [[1004,  30]],

 [[1003,  30]],

 [[1002,  30]],

 [[1001,  30]],

 [[1000,  30]],

 [[ 999,  30]],

 [[ 998,  30]],

 [[ 997,  30]],

 [[ 996,  30]],

 [[ 995,  30]],

 [[ 994,  30]],

 [[ 993,  30]],

 [[ 992,  30]],

 [[ 991,  30]],

 [[ 990,  30]],

 [[ 989,  30]],

 [[ 988,  30]],

 [[ 987,  30]],

 [[ 986,  30]],

 [[ 985,  30]],

 [[ 984,  30]],

 [[ 983,  30]],

 [[ 982,  30]],

 [[ 981,  30]],

 [[ 980,  30]],

 [[ 979,  30]],

 [[ 978,  30]],

 [[ 977,  30]],

 [[ 976,  30]],

 [[ 975,  30]],

 [[ 974,  30]],

 [[ 973,  30]],

 [[ 972,  30]],

 [[ 971,  30]],

 [[ 970,  30]],

 [[ 969,  30]],

 [[ 968,  30]],

 [[ 967,  30]],

 [[ 966,  30]],

 [[ 965,  30]],

 [[ 964,  30]],

 [[ 963,  30]],

 [[ 962,  30]],

 [[ 961,  30]],

 [[ 960,  30]],

 [[ 959,  30]],

 [[ 958,  30]],

 [[ 957,  30]],

 [[ 956,  30]],

 [[ 955,  30]],

 [[ 954,  30]],

 [[ 953,  30]],

 [[ 952,  30]],

 [[ 951,  30]],

 [[ 950,  30]],

 [[ 949,  29]],

 [[ 948,  29]],

 [[ 947,  29]],

 [[ 946,  29]],

 [[ 945,  29]],

 [[ 944,  29]],

 [[ 943,  29]],

 [[ 942,  29]],

 [[ 941,  29]],

 [[ 940,  29]],

 [[ 939,  29]],

 [[ 938,  29]],

 [[ 937,  28]],

 [[ 936,  29]],

 [[ 935,  29]],

 [[ 934,  29]],

 [[ 933,  28]],

 [[ 932,  28]],

 [[ 931,  28]],

 [[ 930,  28]],

 [[ 929,  28]],

 [[ 928,  28]],

 [[ 927,  28]],

 [[ 926,  28]],

 [[ 925,  28]],

 [[ 924,  28]],

 [[ 923,  28]],

 [[ 922,  28]],

 [[ 921,  28]],

 [[ 920,  28]],

 [[ 919,  28]],

 [[ 918,  28]],

 [[ 917,  28]],

 [[ 916,  28]],

 [[ 915,  28]],

 [[ 914,  28]],

 [[ 913,  28]],

 [[ 912,  28]],

 [[ 911,  28]],

 [[ 910,  28]],

 [[ 909,  28]],

 [[ 908,  28]],

 [[ 907,  27]],

 [[ 906,  27]],

 [[ 905,  27]],

 [[ 904,  27]],

 [[ 903,  27]],

 [[ 902,  27]],

 [[ 901,  27]],

 [[ 900,  27]],

 [[ 899,  27]],

 [[ 898,  27]],

 [[ 897,  27]],

 [[ 896,  27]],

 [[ 895,  27]],

 [[ 894,  27]],

 [[ 893,  26]],

 [[ 892,  26]],

 [[ 891,  26]],

 [[ 890,  26]],

 [[ 889,  26]],

 [[ 888,  26]],

 [[ 887,  26]],

 [[ 886,  26]],

 [[ 885,  26]],

 [[ 884,  26]],

 [[ 883,  26]],

 [[ 882,  26]],

 [[ 881,  26]],

 [[ 880,  26]],

 [[ 879,  26]],

 [[ 878,  26]],

 [[ 877,  26]],

 [[ 876,  26]],

 [[ 875,  26]],

 [[ 874,  26]],

 [[ 873,  26]],

 [[ 872,  26]],

 [[ 871,  26]],

 [[ 870,  26]],

 [[ 869,  26]],

 [[ 868,  26]],

 [[ 867,  26]],

 [[ 866,  26]],

 [[ 865,  26]],

 [[ 864,  26]],

 [[ 863,  26]],

 [[ 862,  26]],

 [[ 861,  26]],

 [[ 860,  26]],

 [[ 859,  26]],

 [[ 858,  26]],

 [[ 857,  26]],

 [[ 856,  26]],

 [[ 855,  26]],

 [[ 854,  26]],

 [[ 853,  26]],

 [[ 852,  26]],

 [[ 851,  26]],

 [[ 850,  26]],

 [[ 849,  26]],

 [[ 848,  26]],

 [[ 847,  26]],

 [[ 846,  26]],

 [[ 845,  26]],

 [[ 844,  26]],

 [[ 843,  25]],

 [[ 842,  25]],

 [[ 841,  25]],

 [[ 840,  25]],

 [[ 839,  25]],

 [[ 838,  25]],

 [[ 837,  25]],

 [[ 836,  25]],

 [[ 835,  25]],

 [[ 834,  25]],

 [[ 833,  25]],

 [[ 832,  25]],

 [[ 831,  25]],

 [[ 830,  25]],

 [[ 829,  24]],

 [[ 828,  24]],

 [[ 827,  24]],

 [[ 826,  24]],

 [[ 825,  24]],

 [[ 824,  24]],

 [[ 823,  24]],

 [[ 822,  24]],

 [[ 821,  24]],

 [[ 820,  24]],

 [[ 819,  24]],

 [[ 818,  24]],

 [[ 817,  24]],

 [[ 816,  24]],

 [[ 815,  24]],

 [[ 814,  24]],

 [[ 813,  24]],

 [[ 812,  24]],

 [[ 811,  24]],

 [[ 810,  24]],

 [[ 809,  24]],

 [[ 808,  24]],

 [[ 807,  24]],

 [[ 806,  24]],

 [[ 805,  24]],

 [[ 804,  24]],

 [[ 803,  24]],

 [[ 802,  24]],

 [[ 801,  24]],

 [[ 800,  24]],

 [[ 799,  24]],

 [[ 798,  24]],

 [[ 797,  24]],

 [[ 796,  24]],

 [[ 795,  24]],

 [[ 794,  24]],

 [[ 793,  24]],

 [[ 792,  24]],

 [[ 791,  24]],

 [[ 790,  24]],

 [[ 789,  24]],

 [[ 788,  24]],

 [[ 787,  24]],

 [[ 786,  24]],

 [[ 785,  24]],

 [[ 784,  24]],

 [[ 783,  23]],

 [[ 782,  23]],

 [[ 781,  23]],

 [[ 780,  23]],

 [[ 779,  23]],

 [[ 778,  23]],

 [[ 777,  23]],

 [[ 776,  23]],

 [[ 775,  23]],

 [[ 774,  23]],

 [[ 773,  23]],

 [[ 772,  22]],

 [[ 771,  22]],

 [[ 770,  22]],

 [[ 769,  22]],

 [[ 768,  22]],

 [[ 767,  22]],

 [[ 766,  22]],

 [[ 765,  22]],

 [[ 764,  22]],

 [[ 763,  22]],

 [[ 762,  22]],

 [[ 761,  22]],

 [[ 760,  22]],

 [[ 759,  22]],

 [[ 758,  22]],

 [[ 757,  22]],

 [[ 756,  22]],

 [[ 755,  22]],

 [[ 754,  22]],

 [[ 753,  22]],

 [[ 752,  22]],

 [[ 751,  22]],

 [[ 750,  22]],

 [[ 749,  22]],

 [[ 748,  22]],

 [[ 747,  22]],

 [[ 746,  22]],

 [[ 745,  22]],

 [[ 744,  22]],

 [[ 743,  22]],

 [[ 742,  22]],

 [[ 741,  22]],

 [[ 740,  22]],

 [[ 739,  22]],

 [[ 738,  22]],

 [[ 737,  22]],

 [[ 736,  22]],

 [[ 735,  22]],

 [[ 734,  22]],

 [[ 733,  22]],

 [[ 732,  22]],

 [[ 731,  22]],

 [[ 730,  21]],

 [[ 729,  21]],

 [[ 728,  21]],

 [[ 727,  21]],

 [[ 726,  21]],

 [[ 725,  21]],

 [[ 724,  21]],

 [[ 723,  21]],

 [[ 722,  21]],

 [[ 721,  21]],

 [[ 720,  21]],

 [[ 719,  20]],

 [[ 718,  20]],

 [[ 717,  20]],

 [[ 716,  20]],

 [[ 715,  20]],

 [[ 714,  20]],

 [[ 713,  20]],

 [[ 712,  20]],

 [[ 711,  20]],

 [[ 710,  20]],

 [[ 709,  20]],

 [[ 708,  20]],

 [[ 707,  20]],

 [[ 706,  20]],

 [[ 705,  20]],

 [[ 704,  20]],

 [[ 703,  20]],

 [[ 702,  20]],

 [[ 701,  20]],

 [[ 700,  20]],

 [[ 699,  20]],

 [[ 698,  20]],

 [[ 697,  20]],

 [[ 696,  20]],

 [[ 695,  20]],

 [[ 694,  20]],

 [[ 693,  20]],

 [[ 692,  20]],

 [[ 691,  20]],

 [[ 690,  20]],

 [[ 689,  20]],

 [[ 688,  20]],

 [[ 687,  20]],

 [[ 686,  20]],

 [[ 685,  20]],

 [[ 684,  20]],

 [[ 683,  19]],

 [[ 682,  19]],

 [[ 681,  19]],

 [[ 680,  19]],

 [[ 679,  19]],

 [[ 678,  19]],

 [[ 677,  19]],

 [[ 676,  19]],

 [[ 675,  19]],

 [[ 674,  19]],

 [[ 673,  19]],

 [[ 672,  19]],

 [[ 671,  19]],

 [[ 670,  19]],

 [[ 669,  18]],

 [[ 668,  18]],

 [[ 667,  18]],

 [[ 666,  18]],

 [[ 665,  18]],

 [[ 664,  18]],

 [[ 663,  18]],

 [[ 662,  18]],

 [[ 661,  18]],

 [[ 660,  18]],

 [[ 659,  18]],

 [[ 658,  18]],

 [[ 657,  18]],

 [[ 656,  18]],

 [[ 655,  18]],

 [[ 654,  18]],

 [[ 653,  18]],

 [[ 652,  18]],

 [[ 651,  18]],

 [[ 650,  18]],

 [[ 649,  18]],

 [[ 648,  18]],

 [[ 647,  18]],

 [[ 646,  18]],

 [[ 645,  18]],

 [[ 644,  18]],

 [[ 643,  18]],

 [[ 642,  18]],

 [[ 641,  18]],

 [[ 640,  18]],

 [[ 639,  18]],

 [[ 638,  18]],

 [[ 637,  18]],

 [[ 636,  18]],

 [[ 635,  17]],

 [[ 634,  17]],

 [[ 633,  17]],

 [[ 632,  17]],

 [[ 631,  17]],

 [[ 630,  17]],

 [[ 629,  17]],

 [[ 628,  17]],

 [[ 627,  17]],

 [[ 626,  17]],

 [[ 625,  17]],

 [[ 624,  17]],

 [[ 623,  17]],

 [[ 622,  17]],

 [[ 621,  16]],

 [[ 620,  16]],

 [[ 619,  16]],

 [[ 618,  16]],

 [[ 617,  16]],

 [[ 616,  16]],

 [[ 615,  16]],

 [[ 614,  16]],

 [[ 613,  16]],

 [[ 612,  16]],

 [[ 611,  16]],

 [[ 610,  16]],

 [[ 609,  16]],

 [[ 608,  16]],

 [[ 607,  16]],

 [[ 606,  16]],

 [[ 605,  16]],

 [[ 604,  16]],

 [[ 603,  16]],

 [[ 602,  16]],

 [[ 601,  16]],

 [[ 600,  16]],

 [[ 599,  16]],

 [[ 598,  16]],

 [[ 597,  16]],

 [[ 596,  16]],

 [[ 595,  16]],

 [[ 594,  16]],

 [[ 593,  16]],

 [[ 592,  16]],

 [[ 591,  16]],

 [[ 590,  16]],

 [[ 589,  16]],

 [[ 588,  16]],

 [[ 587,  16]],

 [[ 586,  16]],

 [[ 585,  16]],

 [[ 584,  16]],

 [[ 583,  15]],

 [[ 582,  15]],

 [[ 581,  15]],

 [[ 580,  15]],

 [[ 579,  15]],

 [[ 578,  15]],

 [[ 577,  15]],

 [[ 576,  15]],

 [[ 575,  15]],

 [[ 574,  15]],

 [[ 573,  15]],

 [[ 572,  14]],

 [[ 571,  14]],

 [[ 570,  14]],

 [[ 569,  14]],

 [[ 568,  14]],

 [[ 567,  14]],

 [[ 566,  14]],

 [[ 565,  14]],

 [[ 564,  14]],

 [[ 563,  14]],

 [[ 562,  14]],

 [[ 561,  14]],

 [[ 560,  14]],

 [[ 559,  14]],

 [[ 558,  14]],

 [[ 557,  14]],

 [[ 556,  14]],

 [[ 555,  14]],

 [[ 554,  14]],

 [[ 553,  14]],

 [[ 552,  14]],

 [[ 551,  14]],

 [[ 550,  14]],

 [[ 549,  14]],

 [[ 548,  14]],

 [[ 547,  14]],

 [[ 546,  14]],

 [[ 545,  14]],

 [[ 544,  14]],

 [[ 543,  14]],

 [[ 542,  14]],

 [[ 541,  14]],

 [[ 540,  14]],

 [[ 539,  14]],

 [[ 538,  13]],

 [[ 537,  13]],

 [[ 536,  13]],

 [[ 535,  13]],

 [[ 534,  13]],

 [[ 533,  13]],

 [[ 532,  13]],

 [[ 531,  13]],

 [[ 530,  13]],

 [[ 529,  13]],

 [[ 528,  13]],

 [[ 527,  12]],

 [[ 526,  12]],

 [[ 525,  13]],

 [[ 524,  12]],

 [[ 523,  12]],

 [[ 522,  12]],

 [[ 521,  12]],

 [[ 520,  12]],

 [[ 519,  12]],

 [[ 518,  12]],

 [[ 517,  12]],

 [[ 516,  12]],

 [[ 515,  12]],

 [[ 514,  12]],

 [[ 513,  12]],

 [[ 512,  12]],

 [[ 511,  12]],

 [[ 510,  12]],

 [[ 509,  12]],

 [[ 508,  12]],

 [[ 507,  12]],

 [[ 506,  12]],

 [[ 505,  12]],

 [[ 504,  12]],

 [[ 503,  11]],

 [[ 502,  11]],

 [[ 501,  11]],

 [[ 500,  11]],

 [[ 499,  11]],

 [[ 498,  11]],

 [[ 497,  11]],

 [[ 496,  11]],

 [[ 495,  11]],

 [[ 494,  11]],

 [[ 493,  11]],

 [[ 492,  11]],

 [[ 491,  11]],

 [[ 490,  11]],

 [[ 489,  10]],

 [[ 488,  10]],

 [[ 487,  10]],

 [[ 486,  10]],

 [[ 485,  10]],

 [[ 484,  10]],

 [[ 483,  10]],

 [[ 482,  10]],

 [[ 481,  10]],

 [[ 480,  10]],

 [[ 479,  10]],

 [[ 478,  10]],

 [[ 477,  10]],

 [[ 476,  10]],

 [[ 475,  10]],

 [[ 474,  10]],

 [[ 473,  10]],

 [[ 472,  10]],

 [[ 471,  10]],

 [[ 470,  10]],

 [[ 469,  10]],

 [[ 468,  10]],

 [[ 467,  10]],

 [[ 466,  10]],

 [[ 465,  10]],

 [[ 464,  10]],

 [[ 463,  10]],

 [[ 462,  10]],

 [[ 461,  10]],

 [[ 460,  10]],

 [[ 459,   9]],

 [[ 458,   9]],

 [[ 457,   9]],

 [[ 456,   9]],

 [[ 455,   9]],

 [[ 454,   9]],

 [[ 453,   9]],

 [[ 452,   9]],

 [[ 451,   9]],

 [[ 450,   9]],

 [[ 449,   9]],

 [[ 448,   9]],

 [[ 447,   9]],

 [[ 446,   9]],

 [[ 445,   8]],

 [[ 444,   8]],

 [[ 443,   8]],

 [[ 442,   8]],

 [[ 441,   8]],

 [[ 440,   8]],

 [[ 439,   8]],

 [[ 438,   8]],

 [[ 437,   8]],

 [[ 436,   8]],

 [[ 435,   8]],

 [[ 434,   8]],

 [[ 433,   8]],

 [[ 432,   8]],

 [[ 431,   8]],

 [[ 430,   8]],

 [[ 429,   8]],

 [[ 428,   8]],

 [[ 427,   8]],

 [[ 426,   8]],

 [[ 425,   8]],

 [[ 424,   8]],

 [[ 423,   8]],

 [[ 422,   8]],

 [[ 421,   8]],

 [[ 420,   8]],

 [[ 419,   8]],

 [[ 418,   8]],

 [[ 417,   8]],

 [[ 416,   8]],

 [[ 415,   8]],

 [[ 414,   8]],

 [[ 413,   8]],

 [[ 412,   8]],

 [[ 411,   7]],

 [[ 410,   7]],

 [[ 409,   7]],

 [[ 408,   7]],

 [[ 407,   7]],

 [[ 406,   7]],

 [[ 405,   7]],

 [[ 404,   7]],

 [[ 403,   7]],

 [[ 402,   7]],

 [[ 401,   7]],

 [[ 400,   7]],

 [[ 399,   7]],

 [[ 398,   6]],

 [[ 397,   6]],

 [[ 396,   6]],

 [[ 395,   6]],

 [[ 394,   6]],

 [[ 393,   6]],

 [[ 392,   6]],

 [[ 391,   6]],

 [[ 390,   6]],

 [[ 389,   6]],

 [[ 388,   6]],

 [[ 387,   6]],

 [[ 386,   6]],

 [[ 385,   6]],

 [[ 384,   6]],

 [[ 383,   6]],

 [[ 382,   6]],

 [[ 381,   6]],

 [[ 380,   6]],

 [[ 379,   6]],

 [[ 378,   6]],

 [[ 377,   6]],

 [[ 376,   6]],

 [[ 375,   6]],

 [[ 374,   6]],

 [[ 373,   5]],

 [[ 372,   5]],

 [[ 371,   5]],

 [[ 370,   5]],

 [[ 369,   5]],

 [[ 368,   5]],

 [[ 367,   5]],

 [[ 366,   5]],

 [[ 365,   5]],

 [[ 364,   5]],

 [[ 363,   5]],

 [[ 362,   5]],

 [[ 361,   4]],

 [[ 360,   5]],

 [[ 359,   5]],

 [[ 358,   5]],

 [[ 357,   4]],

 [[ 356,   4]],

 [[ 355,   4]],

 [[ 354,   4]],

 [[ 353,   4]],

 [[ 352,   4]],

 [[ 351,   4]],

 [[ 350,   4]],

 [[ 349,   4]],

 [[ 348,   4]],

 [[ 347,   4]],

 [[ 346,   4]],

 [[ 345,   4]],

 [[ 344,   4]],

 [[ 343,   4]],

 [[ 342,   4]],

 [[ 341,   4]],

 [[ 340,   4]],

 [[ 339,   4]],

 [[ 338,   4]],

 [[ 337,   4]],

 [[ 336,   4]],

 [[ 335,   4]],

 [[ 334,   4]],

 [[ 333,   4]],

 [[ 332,   4]],

 [[ 331,   4]],

 [[ 330,   4]],

 [[ 329,   4]],

 [[ 328,   4]],

 [[ 327,   4]],

 [[ 326,   4]],

 [[ 325,   3]],

 [[ 324,   3]],

 [[ 323,   3]],

 [[ 322,   3]],

 [[ 321,   3]],

 [[ 320,   3]],

 [[ 319,   3]],

 [[ 318,   3]],

 [[ 317,   3]],

 [[ 316,   3]],

 [[ 315,   3]],

 [[ 314,   3]],

 [[ 313,   3]],

 [[ 312,   2]],

 [[ 311,   2]],

 [[ 310,   2]],

 [[ 309,   2]],

 [[ 308,   2]],

 [[ 307,   2]],

 [[ 306,   2]],

 [[ 305,   2]],

 [[ 304,   2]],

 [[ 303,   2]],

 [[ 302,   2]],

 [[ 301,   2]],

 [[ 300,   2]],

 [[ 299,   2]],

 [[ 298,   2]],

 [[ 297,   2]],

 [[ 296,   2]],

 [[ 295,   2]],

 [[ 294,   2]],

 [[ 293,   2]],

 [[ 292,   2]],

 [[ 291,   2]],

 [[ 290,   2]],

 [[ 289,   2]],

 [[ 288,   2]],

 [[ 287,   2]],

 [[ 286,   2]],

 [[ 285,   2]],

 [[ 284,   2]],

 [[ 283,   2]],

 [[ 282,   2]],

 [[ 281,   2]],

 [[ 280,   2]],

 [[ 279,   2]],

 [[ 278,   2]],

 [[ 277,   2]],

 [[ 276,   2]],

 [[ 275,   2]],

 [[ 274,   2]],

 [[ 273,   2]],

 [[ 272,   2]],

 [[ 271,   2]],

 [[ 270,   2]],

 [[ 269,   1]],

 [[ 268,   1]],

 [[ 267,   1]],

 [[ 266,   1]],

 [[ 265,   1]],

 [[ 264,   1]],

 [[ 263,   1]],

 [[ 262,   1]],

 [[ 261,   1]],

 [[ 260,   1]],

 [[ 259,   1]],

 [[ 258,   1]],

 [[ 257,   1]],

 [[ 256,   0]],

 [[ 255,   0]],

 [[ 254,   0]],

 [[ 253,   0]],

 [[ 252,   0]],

 [[ 251,   0]],

 [[ 250,   0]],

 [[ 249,   0]],

 [[ 248,   0]],

 [[ 247,   0]],

 [[ 246,   0]],

 [[ 245,   0]],

 [[ 244,   0]],

 [[ 243,   0]],

 [[ 242,   0]],

 [[ 241,   0]],

 [[ 240,   0]],

 [[ 239,   0]],

 [[ 238,   0]],

 [[ 237,   0]],

 [[ 236,   0]],

 [[ 235,   0]],

 [[ 234,   0]],

 [[ 233,   0]],

 [[ 232,   0]],

 [[ 231,   0]],

 [[ 230,   0]],

 [[ 229,   0]],

 [[ 228,   0]]]