[[[  14,   0]],

 [[  14,   1]],

 [[  14,   2]],

 [[  14,   3]],

 [[  14,   4]],

 [[  14,   5]],

 [[  14,   6]],

 [[  14,   7]],

 [[  14,   8]],

 [[  14,   9]],

 [[  14,  10]],

 [[  14,  11]],

 [[  14,  12]],

 [[  14,  13]],

 [[  14,  14]],

 [[  14,  15]],

 [[  14,  16]],

 [[  14,  17]],

 [[  14,  18]],

 [[  14,  19]],

 [[  14,  20]],

 [[  14,  21]],

 [[  14,  22]],

 [[  14,  23]],

 [[  14,  24]],

 [[  14,  25]],

 [[  14,  26]],

 [[  14,  27]],

 [[  13,  28]],

 [[  12,  29]],

 [[  12,  30]],

 [[  12,  31]],

 [[  12,  32]],

 [[  12,  33]],

 [[  12,  34]],

 [[  12,  35]],

 [[  12,  36]],

 [[  12,  37]],

 [[  12,  38]],

 [[  12,  39]],

 [[  12,  40]],

 [[  12,  41]],

 [[  12,  42]],

 [[  12,  43]],

 [[  13,  43]],

 [[  14,  44]],

 [[  14,  45]],

 [[  14,  46]],

 [[  14,  47]],

 [[  14,  48]],

 [[  14,  49]],

 [[  14,  50]],

 [[  14,  51]],

 [[  14,  52]],

 [[  14,  53]],

 [[  14,  54]],

 [[  14,  55]],

 [[  14,  56]],

 [[  14,  57]],

 [[  14,  58]],

 [[  14,  59]],

 [[  14,  60]],

 [[  14,  61]],

 [[  14,  62]],

 [[  14,  63]],

 [[  14,  64]],

 [[  14,  65]],

 [[  14,  66]],

 [[  14,  67]],

 [[  14,  68]],

 [[  14,  69]],

 [[  14,  70]],

 [[  14,  71]],

 [[  13,  72]],

 [[  12,  72]],

 [[  12,  73]],

 [[  12,  74]],

 [[  12,  75]],

 [[  12,  76]],

 [[  12,  77]],

 [[  12,  78]],

 [[  12,  79]],

 [[  11,  80]],

 [[  10,  81]],

 [[  10,  82]],

 [[  10,  83]],

 [[  10,  84]],

 [[  10,  85]],

 [[  10,  86]],

 [[  10,  87]],

 [[  10,  88]],

 [[  11,  89]],

 [[  12,  90]],

 [[  12,  91]],

 [[  12,  92]],

 [[  12,  93]],

 [[  13,  93]],

 [[  14,  94]],

 [[  14,  95]],

 [[  14,  96]],

 [[  14,  97]],

 [[  14,  98]],

 [[  14,  99]],

 [[  14, 100]],

 [[  14, 101]],

 [[  14, 102]],

 [[  14, 103]],

 [[  14, 104]],

 [[  14, 105]],

 [[  14, 106]],

 [[  14, 107]],

 [[  14, 108]],

 [[  14, 109]],

 [[  14, 110]],

 [[  14, 111]],

 [[  14, 112]],

 [[  14, 113]],

 [[  14, 114]],

 [[  14, 115]],

 [[  14, 116]],

 [[  14, 117]],

 [[  14, 118]],

 [[  14, 119]],

 [[  13, 120]],

 [[  12, 120]],

 [[  12, 121]],

 [[  11, 122]],

 [[  10, 123]],

 [[  10, 124]],

 [[  10, 125]],

 [[  10, 126]],

 [[  10, 127]],

 [[  10, 128]],

 [[  11, 129]],

 [[  12, 130]],

 [[  12, 131]],

 [[  13, 131]],

 [[  14, 132]],

 [[  14, 133]],

 [[  14, 134]],

 [[  14, 135]],

 [[  14, 136]],

 [[  14, 137]],

 [[  14, 138]],

 [[  14, 139]],

 [[  14, 140]],

 [[  14, 141]],

 [[  14, 142]],

 [[  14, 143]],

 [[  14, 144]],

 [[  14, 145]],

 [[  14, 146]],

 [[  15, 147]],

 [[  16, 148]],

 [[  16, 149]],

 [[  16, 150]],

 [[  16, 151]],

 [[  16, 152]],

 [[  16, 153]],

 [[  15, 154]],

 [[  14, 155]],

 [[  14, 156]],

 [[  14, 157]],

 [[  14, 158]],

 [[  14, 159]],

 [[  14, 160]],

 [[  14, 161]],

 [[  14, 162]],

 [[  14, 163]],

 [[  14, 164]],

 [[  14, 165]],

 [[  14, 166]],

 [[  14, 167]],

 [[  14, 168]],

 [[  15, 169]],

 [[  16, 170]],

 [[  16, 171]],

 [[  16, 172]],

 [[  16, 173]],

 [[  17, 173]],

 [[  18, 174]],

 [[  18, 175]],

 [[  18, 176]],

 [[  18, 177]],

 [[  17, 178]],

 [[  16, 179]],

 [[  16, 180]],

 [[  16, 181]],

 [[  16, 182]],

 [[  16, 183]],

 [[  16, 184]],

 [[  16, 185]],

 [[  15, 186]],

 [[  14, 186]],

 [[  14, 187]],

 [[  14, 188]],

 [[  14, 189]],

 [[  14, 190]],

 [[  14, 191]],

 [[  14, 192]],

 [[  14, 193]],

 [[  14, 194]],

 [[  14, 195]],

 [[  14, 196]],

 [[  14, 197]],

 [[  14, 198]],

 [[  14, 199]],

 [[  14, 200]],

 [[  14, 201]],

 [[  14, 202]],

 [[  14, 203]],

 [[  13, 204]],

 [[  12, 205]],

 [[  12, 206]],

 [[  12, 207]],

 [[  12, 208]],

 [[  12, 209]],

 [[  12, 210]],

 [[  12, 211]],

 [[  12, 212]],

 [[  12, 213]],

 [[  12, 214]],

 [[  12, 215]],

 [[  12, 216]],

 [[  12, 217]],

 [[  12, 218]],

 [[  12, 219]],

 [[  12, 220]],

 [[  12, 221]],

 [[  12, 222]],

 [[  12, 223]],

 [[  13, 223]],

 [[  14, 224]],

 [[  14, 225]],

 [[  14, 226]],

 [[  14, 227]],

 [[  14, 228]],

 [[  14, 229]],

 [[  14, 230]],

 [[  14, 231]],

 [[  14, 232]],

 [[  14, 233]],

 [[  14, 234]],

 [[  14, 235]],

 [[  14, 236]],

 [[  14, 237]],

 [[  14, 238]],

 [[  14, 239]],

 [[  14, 240]],

 [[  14, 241]],

 [[  14, 242]],

 [[  14, 243]],

 [[  14, 244]],

 [[  14, 245]],

 [[  14, 246]],

 [[  14, 247]],

 [[  14, 248]],

 [[  14, 249]],

 [[  14, 250]],

 [[  14, 251]],

 [[  14, 252]],

 [[  14, 253]],

 [[  14, 254]],

 [[  14, 255]],

 [[  14, 256]],

 [[  14, 257]],

 [[  14, 258]],

 [[  15, 259]],

 [[  16, 260]],

 [[  16, 261]],

 [[  16, 262]],

 [[  17, 263]],

 [[  18, 264]],

 [[  18, 265]],

 [[  18, 266]],

 [[  18, 267]],

 [[  18, 268]],

 [[  18, 269]],

 [[  18, 270]],

 [[  18, 271]],

 [[  18, 272]],

 [[  18, 273]],

 [[  18, 274]],

 [[  18, 275]],

 [[  18, 276]],

 [[  18, 277]],

 [[  18, 278]],

 [[  18, 279]],

 [[  18, 280]],

 [[  18, 281]],

 [[  18, 282]],

 [[  18, 283]],

 [[  18, 284]],

 [[  19, 285]],

 [[  20, 286]],

 [[  20, 287]],

 [[  20, 288]],

 [[  20, 289]],

 [[  20, 290]],

 [[  20, 291]],

 [[  20, 292]],

 [[  20, 293]],

 [[  20, 294]],

 [[  20, 295]],

 [[  20, 296]],

 [[  20, 297]],

 [[  19, 298]],

 [[  18, 298]],

 [[  18, 299]],

 [[  18, 300]],

 [[  18, 301]],

 [[  18, 302]],

 [[  18, 303]],

 [[  18, 304]],

 [[  18, 305]],

 [[  18, 306]],

 [[  18, 307]],

 [[  18, 308]],

 [[  18, 309]],

 [[  18, 310]],

 [[  18, 311]],

 [[  18, 312]],

 [[  18, 313]],

 [[  18, 314]],

 [[  18, 315]],

 [[  18, 316]],

 [[  18, 317]],

 [[  18, 318]],

 [[  18, 319]],

 [[  18, 320]],

 [[  18, 321]],

 [[  18, 322]],

 [[  18, 323]],

 [[  18, 324]],

 [[  18, 325]],

 [[  18, 326]],

 [[  18, 327]],

 [[  18, 328]],

 [[  18, 329]],

 [[  18, 330]],

 [[  18, 331]],

 [[  18, 332]],

 [[  18, 333]],

 [[  18, 334]],

 [[  18, 335]],

 [[  18, 336]],

 [[  18, 337]],

 [[  17, 338]],

 [[  16, 339]],

 [[  16, 340]],

 [[  16, 341]],

 [[  16, 342]],

 [[  16, 343]],

 [[  16, 344]],

 [[  16, 345]],

 [[  16, 346]],

 [[  16, 347]],

 [[  16, 348]],

 [[  16, 349]],

 [[  16, 350]],

 [[  16, 351]],

 [[  16, 352]],

 [[  16, 353]],

 [[  15, 354]],

 [[  14, 354]],

 [[  14, 355]],

 [[  14, 356]],

 [[  15, 357]],

 [[  15, 358]],

 [[  14, 359]],

 [[  14, 360]],

 [[  14, 361]],

 [[  14, 362]],

 [[  14, 363]],

 [[  14, 364]],

 [[  14, 365]],

 [[  14, 366]],

 [[  14, 367]],

 [[  14, 368]],

 [[  14, 369]],

 [[  14, 370]],

 [[  14, 371]],

 [[  14, 372]],

 [[  14, 373]],

 [[  14, 374]],

 [[  14, 375]],

 [[  14, 376]],

 [[  14, 377]],

 [[  14, 378]],

 [[  14, 379]],

 [[  14, 380]],

 [[  14, 381]],

 [[  14, 382]],

 [[  14, 383]],

 [[  14, 384]],

 [[  14, 385]],

 [[  14, 386]],

 [[  14, 387]],

 [[  13, 388]],

 [[  12, 389]],

 [[  12, 390]],

 [[  12, 391]],

 [[  12, 392]],

 [[  12, 393]],

 [[  12, 394]],

 [[  12, 395]],

 [[  12, 396]],

 [[  13, 397]],

 [[  14, 398]],

 [[  14, 399]],

 [[  14, 400]],

 [[  14, 401]],

 [[  13, 402]],

 [[  12, 403]],

 [[  12, 404]],

 [[  12, 405]],

 [[  12, 406]],

 [[  12, 407]],

 [[  12, 408]],

 [[  12, 409]],

 [[  12, 410]],

 [[  12, 411]],

 [[  12, 412]],

 [[  12, 413]],

 [[  12, 414]],

 [[  12, 415]],

 [[  12, 416]],

 [[  12, 417]],

 [[  12, 418]],

 [[  12, 419]],

 [[  12, 420]],

 [[  12, 421]],

 [[  11, 422]],

 [[  10, 423]],

 [[  10, 424]],

 [[  10, 425]],

 [[  10, 426]],

 [[  10, 427]],

 [[   9, 428]],

 [[   8, 428]],

 [[   8, 429]],

 [[   8, 430]],

 [[   8, 431]],

 [[   8, 432]],

 [[   8, 433]],

 [[   8, 434]],

 [[   8, 435]],

 [[   8, 436]],

 [[   8, 437]],

 [[   8, 438]],

 [[   8, 439]],

 [[   8, 440]],

 [[   8, 441]],

 [[   8, 442]],

 [[   8, 443]],

 [[   8, 444]],

 [[   8, 445]],

 [[   8, 446]],

 [[   8, 447]],

 [[   8, 448]],

 [[   8, 449]],

 [[   8, 450]],

 [[   9, 451]],

 [[  10, 452]],

 [[  10, 453]],

 [[   9, 454]],

 [[   8, 454]],

 [[   8, 455]],

 [[   8, 456]],

 [[   8, 457]],

 [[   8, 458]],

 [[   8, 459]],

 [[   8, 460]],

 [[   8, 461]],

 [[   8, 462]],

 [[   8, 463]],

 [[   8, 464]],

 [[   8, 465]],

 [[   8, 466]],

 [[   8, 467]],

 [[   8, 468]],

 [[   8, 469]],

 [[   8, 470]],

 [[   8, 471]],

 [[   8, 472]],

 [[   8, 473]],

 [[   8, 474]],

 [[   8, 475]],

 [[   8, 476]],

 [[   8, 477]],

 [[   8, 478]],

 [[   8, 479]],

 [[   8, 480]],

 [[   8, 481]],

 [[   8, 482]],

 [[   8, 483]],

 [[   8, 484]],

 [[   8, 485]],

 [[   8, 486]],

 [[   8, 487]],

 [[   9, 487]],

 [[  10, 488]],

 [[  10, 489]],

 [[  10, 490]],

 [[  10, 491]],

 [[  10, 492]],

 [[  10, 493]],

 [[  10, 494]],

 [[  10, 495]],

 [[  10, 496]],

 [[  10, 497]],

 [[  10, 498]],

 [[  10, 499]],

 [[   9, 500]],

 [[   8, 501]],

 [[   8, 502]],

 [[   8, 503]],

 [[   8, 504]],

 [[   8, 505]],

 [[   8, 506]],

 [[   8, 507]],

 [[   8, 508]],

 [[   8, 509]],

 [[   8, 510]],

 [[   8, 511]],

 [[   9, 511]],

 [[  10, 512]],

 [[  10, 513]],

 [[  10, 514]],

 [[  10, 515]],

 [[   9, 516]],

 [[   8, 516]],

 [[   8, 517]],

 [[   8, 518]],

 [[   9, 519]],

 [[   9, 520]],

 [[   8, 521]],

 [[   8, 522]],

 [[   9, 523]],

 [[  10, 524]],

 [[  10, 525]],

 [[  10, 526]],

 [[  10, 527]],

 [[  10, 528]],

 [[  10, 529]],

 [[  10, 530]],

 [[  10, 531]],

 [[  10, 532]],

 [[  10, 533]],

 [[  10, 534]],

 [[  10, 535]],

 [[  10, 536]],

 [[  10, 537]],

 [[   9, 538]],

 [[   8, 539]],

 [[   8, 540]],

 [[   8, 541]],

 [[   8, 542]],

 [[   8, 543]],

 [[   8, 544]],

 [[   8, 545]],

 [[   8, 546]],

 [[   8, 547]],

 [[   8, 548]],

 [[   8, 549]],

 [[   7, 550]],

 [[   6, 551]],

 [[   5, 552]],

 [[   4, 553]],

 [[   3, 554]],

 [[   2, 554]],

 [[   1, 554]],

 [[   0, 555]],

 [[   0, 556]],

 [[   0, 557]],

 [[   0, 558]],

 [[   0, 559]],

 [[   0, 560]],

 [[   0, 561]],

 [[   0, 562]],

 [[   0, 563]],

 [[   0, 564]],

 [[   0, 565]],

 [[   0, 566]],

 [[   0, 567]],

 [[   0, 568]],

 [[   0, 569]],

 [[   0, 570]],

 [[   0, 571]],

 [[   0, 572]],

 [[   0, 573]],

 [[   0, 574]],

 [[   0, 575]],

 [[   0, 576]],

 [[   0, 577]],

 [[   0, 578]],

 [[   0, 579]],

 [[   0, 580]],

 [[   0, 581]],

 [[   0, 582]],

 [[   0, 583]],

 [[   0, 584]],

 [[   0, 585]],

 [[   0, 586]],

 [[   0, 587]],

 [[   0, 588]],

 [[   0, 589]],

 [[   0, 590]],

 [[   0, 591]],

 [[   0, 592]],

 [[   0, 593]],

 [[   0, 594]],

 [[   0, 595]],

 [[   0, 596]],

 [[   0, 597]],

 [[   0, 598]],

 [[   0, 599]],

 [[   0, 600]],

 [[   0, 601]],

 [[   0, 602]],

 [[   0, 603]],

 [[   0, 604]],

 [[   0, 605]],

 [[   0, 606]],

 [[   0, 607]],

 [[   0, 608]],

 [[   0, 609]],

 [[   0, 610]],

 [[   0, 611]],

 [[   0, 612]],

 [[   0, 613]],

 [[   0, 614]],

 [[   0, 615]],

 [[   0, 616]],

 [[   0, 617]],

 [[   0, 618]],

 [[   0, 619]],

 [[   0, 620]],

 [[   0, 621]],

 [[   0, 622]],

 [[   0, 623]],

 [[   0, 624]],

 [[   0, 625]],

 [[   0, 626]],

 [[   0, 627]],

 [[   0, 628]],

 [[   0, 629]],

 [[   0, 630]],

 [[   0, 631]],

 [[   0, 632]],

 [[   0, 633]],

 [[   0, 634]],

 [[   0, 635]],

 [[   0, 636]],

 [[   0, 637]],

 [[   0, 638]],

 [[   0, 639]],

 [[   0, 640]],

 [[   0, 641]],

 [[   0, 642]],

 [[   0, 643]],

 [[   0, 644]],

 [[   0, 645]],

 [[   0, 646]],

 [[   0, 647]],

 [[   0, 648]],

 [[   0, 649]],

 [[   0, 650]],

 [[   0, 651]],

 [[   0, 652]],

 [[   0, 653]],

 [[   1, 653]],

 [[   2, 654]],

 [[   2, 655]],

 [[   2, 656]],

 [[   2, 657]],

 [[   2, 658]],

 [[   2, 659]],

 [[   2, 660]],

 [[   2, 661]],

 [[   2, 662]],

 [[   2, 663]],

 [[   2, 664]],

 [[   2, 665]],

 [[   2, 666]],

 [[   2, 667]],

 [[   2, 668]],

 [[   2, 669]],

 [[   2, 670]],

 [[   2, 671]],

 [[   2, 672]],

 [[   2, 673]],

 [[   2, 674]],

 [[   2, 675]],

 [[   2, 676]],

 [[   2, 677]],

 [[   2, 678]],

 [[   2, 679]],

 [[   2, 680]],

 [[   2, 681]],

 [[   2, 682]],

 [[   2, 683]],

 [[   2, 684]],

 [[   3, 685]],

 [[   4, 686]],

 [[   4, 687]],

 [[   4, 688]],

 [[   4, 689]],

 [[   4, 690]],

 [[   4, 691]],

 [[   4, 692]],

 [[   4, 693]],

 [[   4, 694]],

 [[   4, 695]],

 [[   4, 696]],

 [[   4, 697]],

 [[   4, 698]],

 [[   4, 699]],

 [[   4, 700]],

 [[   4, 701]],

 [[   4, 702]],

 [[   4, 703]],

 [[   4, 704]],

 [[   4, 705]],

 [[   4, 706]],

 [[   4, 707]],

 [[   4, 708]],

 [[   4, 709]],

 [[   4, 710]],

 [[   4, 711]],

 [[   4, 712]],

 [[   4, 713]],

 [[   4, 714]],

 [[   4, 715]],

 [[   4, 716]],

 [[   5, 717]],

 [[   6, 718]],

 [[   7, 719]],

 [[   8, 720]],

 [[   8, 721]],

 [[   8, 722]],

 [[   8, 723]],

 [[   8, 724]],

 [[   8, 725]],

 [[   8, 726]],

 [[   8, 727]],

 [[   8, 728]],

 [[   8, 729]],

 [[   8, 730]],

 [[   8, 731]],

 [[   8, 732]],

 [[   8, 733]],

 [[   8, 734]],

 [[   8, 735]],

 [[   8, 736]],

 [[   8, 737]],

 [[   8, 738]],

 [[   8, 739]],

 [[   8, 740]],

 [[   8, 741]],

 [[   9, 741]],

 [[  10, 742]],

 [[  10, 743]],

 [[  10, 744]],

 [[  10, 745]],

 [[  10, 746]],

 [[  10, 747]],

 [[  10, 748]],

 [[  10, 749]],

 [[  10, 750]],

 [[  10, 751]],

 [[  10, 752]],

 [[  10, 753]],

 [[  10, 754]],

 [[  11, 755]],

 [[  12, 756]],

 [[  12, 757]],

 [[  12, 758]],

 [[  13, 759]],

 [[  14, 760]],

 [[  14, 761]],

 [[  14, 762]],

 [[  14, 763]],

 [[  14, 764]],

 [[  14, 765]],

 [[  14, 766]],

 [[  14, 767]],

 [[  14, 768]],

 [[  14, 769]],

 [[  14, 770]],

 [[  15, 771]],

 [[  16, 772]],

 [[  16, 773]],

 [[  16, 774]],

 [[  17, 775]],

 [[  18, 776]],

 [[  18, 777]],

 [[  18, 778]],

 [[  18, 779]],

 [[  18, 780]],

 [[  18, 781]],

 [[  18, 782]],

 [[  19, 783]],

 [[  20, 784]],

 [[  20, 785]],

 [[  20, 786]],

 [[  21, 787]],

 [[  22, 788]],

 [[  22, 789]],

 [[  22, 790]],

 [[  22, 791]],

 [[  22, 792]],

 [[  23, 793]],

 [[  24, 794]],

 [[  24, 795]],

 [[  24, 796]],

 [[  25, 797]],

 [[  26, 798]],

 [[  26, 799]],

 [[  27, 799]],

 [[  28, 800]],

 [[  28, 801]],

 [[  28, 802]],

 [[  28, 803]],

 [[  28, 804]],

 [[  29, 805]],

 [[  30, 806]],

 [[  30, 807]],

 [[  30, 808]],

 [[  30, 809]],

 [[  30, 810]],

 [[  31, 811]],

 [[  32, 812]],

 [[  32, 813]],

 [[  32, 814]],

 [[  33, 815]],

 [[  34, 816]],

 [[  34, 817]],

 [[  34, 818]],

 [[  35, 819]],

 [[  36, 820]],

 [[  37, 821]],

 [[  38, 822]],

 [[  39, 823]],

 [[  40, 824]],

 [[  40, 825]],

 [[  40, 826]],

 [[  41, 827]],

 [[  42, 828]],

 [[  42, 829]],

 [[  42, 830]],

 [[  43, 831]],

 [[  44, 832]],

 [[  44, 833]],

 [[  44, 834]],

 [[  45, 835]],

 [[  46, 836]],

 [[  47, 837]],

 [[  48, 838]],

 [[  48, 839]],

 [[  48, 840]],

 [[  49, 841]],

 [[  50, 842]],

 [[  51, 843]],

 [[  52, 844]],

 [[  53, 845]],

 [[  54, 846]],

 [[  54, 847]],

 [[  54, 848]],

 [[  55, 849]],

 [[  56, 850]],

 [[  57, 851]],

 [[  58, 852]],

 [[  59, 853]],

 [[  60, 854]],

 [[  60, 855]],

 [[  60, 856]],

 [[  61, 857]],

 [[  62, 858]],

 [[  63, 859]],

 [[  64, 860]],

 [[  65, 861]],

 [[  66, 862]],

 [[  67, 863]],

 [[  68, 864]],

 [[  69, 865]],

 [[  70, 866]],

 [[  71, 867]],

 [[  72, 868]],

 [[  73, 869]],

 [[  74, 870]],

 [[  75, 871]],

 [[  76, 872]],

 [[  77, 873]],

 [[  78, 873]],

 [[  79, 873]],

 [[  80, 874]],

 [[  81, 875]],

 [[  82, 875]],

 [[  83, 875]],

 [[  84, 875]],

 [[  85, 875]],

 [[  86, 876]],

 [[  87, 877]],

 [[  88, 878]],

 [[  89, 879]],

 [[  90, 880]],

 [[  91, 881]],

 [[  92, 882]],

 [[  93, 883]],

 [[  94, 884]],

 [[  95, 885]],

 [[  96, 885]],

 [[  97, 885]],

 [[  98, 885]],

 [[  99, 885]],

 [[ 100, 886]],

 [[ 101, 887]],

 [[ 102, 887]],

 [[ 103, 887]],

 [[ 104, 888]],

 [[ 105, 889]],

 [[ 106, 889]],

 [[ 107, 889]],

 [[ 108, 889]],

 [[ 109, 889]],

 [[ 110, 889]],

 [[ 111, 889]],

 [[ 112, 890]],

 [[ 113, 891]],

 [[ 114, 892]],

 [[ 115, 893]],

 [[ 116, 893]],

 [[ 117, 893]],

 [[ 118, 894]],

 [[ 119, 895]],

 [[ 120, 895]],

 [[ 121, 895]],

 [[ 122, 895]],

 [[ 123, 895]],

 [[ 124, 895]],

 [[ 125, 895]],

 [[ 126, 895]],

 [[ 127, 895]],

 [[ 128, 896]],

 [[ 129, 897]],

 [[ 130, 897]],

 [[ 131, 897]],

 [[ 132, 897]],

 [[ 133, 897]],

 [[ 134, 897]],

 [[ 135, 897]],

 [[ 136, 897]],

 [[ 137, 897]],

 [[ 138, 897]],

 [[ 139, 897]],

 [[ 140, 897]],

 [[ 141, 897]],

 [[ 142, 897]],

 [[ 143, 897]],

 [[ 144, 897]],

 [[ 145, 897]],

 [[ 146, 898]],

 [[ 146, 899]],

 [[ 147, 899]],

 [[ 148, 899]],

 [[ 149, 899]],

 [[ 150, 899]],

 [[ 151, 899]],

 [[ 152, 899]],

 [[ 153, 899]],

 [[ 154, 899]],

 [[ 155, 899]],

 [[ 156, 900]],

 [[ 157, 901]],

 [[ 158, 901]],

 [[ 159, 901]],

 [[ 160, 901]],

 [[ 161, 901]],

 [[ 162, 901]],

 [[ 163, 901]],

 [[ 164, 901]],

 [[ 165, 901]],

 [[ 166, 901]],

 [[ 167, 901]],

 [[ 168, 902]],

 [[ 169, 903]],

 [[ 170, 903]],

 [[ 171, 903]],

 [[ 172, 903]],

 [[ 173, 903]],

 [[ 174, 903]],

 [[ 175, 903]],

 [[ 176, 903]],

 [[ 177, 903]],

 [[ 178, 903]],

 [[ 179, 903]],

 [[ 180, 903]],

 [[ 181, 903]],

 [[ 182, 903]],

 [[ 183, 903]],

 [[ 184, 903]],

 [[ 185, 903]],

 [[ 186, 903]],

 [[ 187, 903]],

 [[ 188, 903]],

 [[ 189, 903]],

 [[ 190, 903]],

 [[ 191, 903]],

 [[ 192, 903]],

 [[ 193, 903]],

 [[ 194, 903]],

 [[ 195, 903]],

 [[ 196, 903]],

 [[ 197, 903]],

 [[ 198, 903]],

 [[ 199, 903]],

 [[ 200, 904]],

 [[ 200, 905]],

 [[ 201, 905]],

 [[ 202, 905]],

 [[ 203, 905]],

 [[ 204, 905]],

 [[ 205, 905]],

 [[ 206, 905]],

 [[ 207, 905]],

 [[ 208, 905]],

 [[ 209, 905]],

 [[ 210, 905]],

 [[ 211, 905]],

 [[ 212, 905]],

 [[ 213, 905]],

 [[ 214, 905]],

 [[ 215, 905]],

 [[ 216, 905]],

 [[ 217, 905]],

 [[ 218, 905]],

 [[ 219, 905]],

 [[ 220, 905]],

 [[ 221, 905]],

 [[ 222, 905]],

 [[ 223, 905]],

 [[ 224, 905]],

 [[ 225, 905]],

 [[ 226, 905]],

 [[ 227, 905]],

 [[ 228, 905]],

 [[ 229, 905]],

 [[ 230, 905]],

 [[ 231, 905]],

 [[ 232, 905]],

 [[ 233, 905]],

 [[ 234, 905]],

 [[ 235, 905]],

 [[ 236, 905]],

 [[ 237, 905]],

 [[ 238, 905]],

 [[ 239, 905]],

 [[ 240, 905]],

 [[ 241, 905]],

 [[ 242, 905]],

 [[ 243, 905]],

 [[ 244, 905]],

 [[ 245, 905]],

 [[ 246, 906]],

 [[ 246, 907]],

 [[ 247, 907]],

 [[ 248, 907]],

 [[ 249, 907]],

 [[ 250, 907]],

 [[ 251, 907]],

 [[ 252, 907]],

 [[ 253, 907]],

 [[ 254, 907]],

 [[ 255, 907]],

 [[ 256, 907]],

 [[ 257, 907]],

 [[ 258, 907]],

 [[ 259, 907]],

 [[ 260, 907]],

 [[ 261, 907]],

 [[ 262, 907]],

 [[ 263, 907]],

 [[ 264, 907]],

 [[ 265, 907]],

 [[ 266, 907]],

 [[ 267, 907]],

 [[ 268, 907]],

 [[ 269, 907]],

 [[ 270, 907]],

 [[ 271, 907]],

 [[ 272, 907]],

 [[ 273, 907]],

 [[ 274, 907]],

 [[ 275, 907]],

 [[ 276, 907]],

 [[ 277, 907]],

 [[ 278, 907]],

 [[ 279, 907]],

 [[ 280, 907]],

 [[ 281, 907]],

 [[ 282, 907]],

 [[ 283, 907]],

 [[ 284, 907]],

 [[ 285, 907]],

 [[ 286, 907]],

 [[ 287, 907]],

 [[ 288, 907]],

 [[ 289, 907]],

 [[ 290, 907]],

 [[ 291, 907]],

 [[ 292, 907]],

 [[ 293, 907]],

 [[ 294, 908]],

 [[ 295, 909]],

 [[ 296, 909]],

 [[ 297, 909]],

 [[ 298, 909]],

 [[ 299, 909]],

 [[ 300, 909]],

 [[ 301, 909]],

 [[ 302, 909]],

 [[ 303, 909]],

 [[ 304, 909]],

 [[ 305, 909]],

 [[ 306, 909]],

 [[ 307, 909]],

 [[ 308, 909]],

 [[ 309, 909]],

 [[ 310, 909]],

 [[ 311, 909]],

 [[ 312, 909]],

 [[ 313, 909]],

 [[ 314, 909]],

 [[ 315, 909]],

 [[ 316, 909]],

 [[ 317, 909]],

 [[ 318, 909]],

 [[ 319, 909]],

 [[ 320, 909]],

 [[ 321, 909]],

 [[ 322, 909]],

 [[ 323, 909]],

 [[ 324, 909]],

 [[ 325, 909]],

 [[ 326, 909]],

 [[ 327, 909]],

 [[ 328, 909]],

 [[ 329, 909]],

 [[ 330, 909]],

 [[ 331, 909]],

 [[ 332, 909]],

 [[ 333, 909]],

 [[ 334, 909]],

 [[ 335, 909]],

 [[ 336, 909]],

 [[ 337, 909]],

 [[ 338, 909]],

 [[ 339, 909]],

 [[ 340, 909]],

 [[ 341, 909]],

 [[ 342, 909]],

 [[ 343, 909]],

 [[ 344, 909]],

 [[ 345, 909]],

 [[ 346, 909]],

 [[ 347, 909]],

 [[ 348, 910]],

 [[ 349, 911]],

 [[ 350, 911]],

 [[ 351, 911]],

 [[ 352, 911]],

 [[ 353, 911]],

 [[ 354, 911]],

 [[ 355, 911]],

 [[ 356, 911]],

 [[ 357, 911]],

 [[ 358, 911]],

 [[ 359, 911]],

 [[ 360, 911]],

 [[ 361, 911]],

 [[ 362, 911]],

 [[ 363, 911]],

 [[ 364, 911]],

 [[ 365, 911]],

 [[ 366, 911]],

 [[ 367, 911]],

 [[ 368, 911]],

 [[ 369, 911]],

 [[ 370, 911]],

 [[ 371, 911]],

 [[ 372, 911]],

 [[ 373, 911]],

 [[ 374, 911]],

 [[ 375, 911]],

 [[ 376, 911]],

 [[ 377, 911]],

 [[ 378, 911]],

 [[ 379, 911]],

 [[ 380, 911]],

 [[ 381, 911]],

 [[ 382, 911]],

 [[ 383, 911]],

 [[ 384, 911]],

 [[ 385, 911]],

 [[ 386, 911]],

 [[ 387, 911]],

 [[ 388, 911]],

 [[ 389, 911]],

 [[ 390, 911]],

 [[ 391, 911]],

 [[ 392, 912]],

 [[ 392, 913]],

 [[ 393, 913]],

 [[ 394, 913]],

 [[ 395, 913]],

 [[ 396, 913]],

 [[ 397, 913]],

 [[ 398, 913]],

 [[ 399, 913]],

 [[ 400, 913]],

 [[ 401, 913]],

 [[ 402, 913]],

 [[ 403, 913]],

 [[ 404, 913]],

 [[ 405, 913]],

 [[ 406, 913]],

 [[ 407, 913]],

 [[ 408, 913]],

 [[ 409, 913]],

 [[ 410, 913]],

 [[ 411, 913]],

 [[ 412, 913]],

 [[ 413, 913]],

 [[ 414, 913]],

 [[ 415, 913]],

 [[ 416, 913]],

 [[ 417, 913]],

 [[ 418, 913]],

 [[ 419, 913]],

 [[ 420, 913]],

 [[ 421, 913]],

 [[ 422, 913]],

 [[ 423, 913]],

 [[ 424, 913]],

 [[ 425, 913]],

 [[ 426, 913]],

 [[ 427, 913]],

 [[ 428, 913]],

 [[ 429, 913]],

 [[ 430, 913]],

 [[ 431, 913]],

 [[ 432, 913]],

 [[ 433, 913]],

 [[ 434, 913]],

 [[ 435, 913]],

 [[ 436, 913]],

 [[ 437, 913]],

 [[ 438, 913]],

 [[ 439, 913]],

 [[ 440, 913]],

 [[ 441, 913]],

 [[ 442, 914]],

 [[ 442, 915]],

 [[ 443, 915]],

 [[ 444, 915]],

 [[ 445, 915]],

 [[ 446, 915]],

 [[ 447, 915]],

 [[ 448, 915]],

 [[ 449, 915]],

 [[ 450, 915]],

 [[ 451, 915]],

 [[ 451, 914]],

 [[ 452, 913]],

 [[ 453, 913]],

 [[ 454, 914]],

 [[ 454, 915]],

 [[ 455, 915]],

 [[ 456, 915]],

 [[ 457, 915]],

 [[ 458, 915]],

 [[ 459, 915]],

 [[ 460, 915]],

 [[ 461, 915]],

 [[ 462, 915]],

 [[ 463, 915]],

 [[ 464, 915]],

 [[ 465, 915]],

 [[ 466, 915]],

 [[ 467, 915]],

 [[ 468, 915]],

 [[ 469, 915]],

 [[ 470, 915]],

 [[ 471, 915]],

 [[ 472, 915]],

 [[ 473, 915]],

 [[ 474, 915]],

 [[ 475, 915]],

 [[ 476, 915]],

 [[ 477, 915]],

 [[ 478, 915]],

 [[ 479, 915]],

 [[ 480, 915]],

 [[ 481, 915]],

 [[ 482, 915]],

 [[ 483, 915]],

 [[ 484, 915]],

 [[ 485, 915]],

 [[ 486, 915]],

 [[ 487, 915]],

 [[ 488, 915]],

 [[ 489, 915]],

 [[ 490, 915]],

 [[ 491, 915]],

 [[ 492, 915]],

 [[ 493, 915]],

 [[ 494, 915]],

 [[ 495, 915]],

 [[ 496, 915]],

 [[ 497, 915]],

 [[ 498, 915]],

 [[ 499, 915]],

 [[ 500, 915]],

 [[ 501, 915]],

 [[ 502, 916]],

 [[ 503, 917]],

 [[ 504, 917]],

 [[ 505, 917]],

 [[ 506, 917]],

 [[ 507, 917]],

 [[ 508, 917]],

 [[ 509, 917]],

 [[ 510, 917]],

 [[ 511, 917]],

 [[ 512, 917]],

 [[ 513, 917]],

 [[ 514, 917]],

 [[ 515, 917]],

 [[ 516, 917]],

 [[ 517, 917]],

 [[ 518, 917]],

 [[ 519, 917]],

 [[ 520, 917]],

 [[ 521, 917]],

 [[ 522, 917]],

 [[ 523, 917]],

 [[ 524, 917]],

 [[ 525, 917]],

 [[ 526, 917]],

 [[ 527, 917]],

 [[ 528, 917]],

 [[ 529, 917]],

 [[ 530, 917]],

 [[ 531, 917]],

 [[ 532, 917]],

 [[ 533, 917]],

 [[ 534, 917]],

 [[ 535, 917]],

 [[ 536, 917]],

 [[ 537, 917]],

 [[ 538, 917]],

 [[ 539, 917]],

 [[ 540, 917]],

 [[ 541, 917]],

 [[ 542, 917]],

 [[ 543, 917]],

 [[ 544, 917]],

 [[ 545, 917]],

 [[ 546, 918]],

 [[ 547, 919]],

 [[ 548, 919]],

 [[ 549, 919]],

 [[ 550, 919]],

 [[ 551, 919]],

 [[ 552, 919]],

 [[ 553, 919]],

 [[ 554, 919]],

 [[ 555, 919]],

 [[ 556, 919]],

 [[ 557, 919]],

 [[ 558, 919]],

 [[ 559, 919]],

 [[ 560, 919]],

 [[ 561, 919]],

 [[ 562, 919]],

 [[ 563, 919]],

 [[ 564, 919]],

 [[ 565, 919]],

 [[ 566, 919]],

 [[ 567, 919]],

 [[ 568, 919]],

 [[ 569, 919]],

 [[ 570, 919]],

 [[ 571, 919]],

 [[ 572, 919]],

 [[ 573, 919]],

 [[ 574, 919]],

 [[ 575, 919]],

 [[ 576, 919]],

 [[ 577, 919]],

 [[ 578, 919]],

 [[ 579, 919]],

 [[ 580, 919]],

 [[ 581, 919]],

 [[ 582, 919]],

 [[ 583, 919]],

 [[ 584, 919]],

 [[ 585, 919]],

 [[ 586, 919]],

 [[ 587, 919]],

 [[ 588, 919]],

 [[ 589, 919]],

 [[ 590, 919]],

 [[ 591, 919]],

 [[ 592, 919]],

 [[ 593, 919]],

 [[ 594, 919]],

 [[ 595, 919]],

 [[ 596, 919]],

 [[ 597, 919]],

 [[ 598, 919]],

 [[ 599, 919]],

 [[ 600, 919]],

 [[ 601, 919]],

 [[ 602, 919]],

 [[ 603, 919]],

 [[ 604, 919]],

 [[ 605, 919]],

 [[ 606, 919]],

 [[ 607, 919]],

 [[ 608, 919]],

 [[ 609, 919]],

 [[ 610, 919]],

 [[ 611, 919]],

 [[ 612, 919]],

 [[ 613, 919]],

 [[ 614, 919]],

 [[ 615, 919]],

 [[ 616, 920]],

 [[ 616, 921]],

 [[ 617, 921]],

 [[ 618, 921]],

 [[ 619, 921]],

 [[ 620, 921]],

 [[ 621, 921]],

 [[ 622, 921]],

 [[ 623, 921]],

 [[ 624, 921]],

 [[ 625, 921]],

 [[ 626, 921]],

 [[ 627, 921]],

 [[ 628, 921]],

 [[ 629, 921]],

 [[ 630, 921]],

 [[ 631, 921]],

 [[ 632, 921]],

 [[ 633, 921]],

 [[ 634, 921]],

 [[ 635, 921]],

 [[ 636, 921]],

 [[ 637, 921]],

 [[ 638, 922]],

 [[ 638, 923]],

 [[ 639, 923]],

 [[ 640, 923]],

 [[ 641, 923]],

 [[ 642, 923]],

 [[ 643, 923]],

 [[ 644, 923]],

 [[ 645, 923]],

 [[ 646, 923]],

 [[ 647, 923]],

 [[ 648, 923]],

 [[ 649, 923]],

 [[ 650, 923]],

 [[ 651, 923]],

 [[ 652, 923]],

 [[ 653, 923]],

 [[ 654, 923]],

 [[ 655, 923]],

 [[ 656, 923]],

 [[ 657, 923]],

 [[ 658, 923]],

 [[ 659, 923]],

 [[ 660, 923]],

 [[ 661, 923]],

 [[ 662, 923]],

 [[ 663, 923]],

 [[ 664, 923]],

 [[ 665, 923]],

 [[ 666, 923]],

 [[ 667, 923]],

 [[ 668, 923]],

 [[ 669, 923]],

 [[ 670, 923]],

 [[ 671, 923]],

 [[ 672, 923]],

 [[ 673, 923]],

 [[ 674, 923]],

 [[ 675, 923]],

 [[ 676, 923]],

 [[ 677, 923]],

 [[ 678, 923]],

 [[ 679, 923]],

 [[ 680, 923]],

 [[ 681, 922]],

 [[ 682, 921]],

 [[ 683, 921]],

 [[ 684, 921]],

 [[ 685, 921]],

 [[ 686, 921]],

 [[ 687, 921]],

 [[ 688, 921]],

 [[ 689, 921]],

 [[ 690, 921]],

 [[ 691, 921]],

 [[ 692, 921]],

 [[ 693, 921]],

 [[ 694, 921]],

 [[ 695, 921]],

 [[ 696, 921]],

 [[ 697, 921]],

 [[ 698, 921]],

 [[ 699, 921]],

 [[ 700, 921]],

 [[ 701, 921]],

 [[ 702, 921]],

 [[ 703, 921]],

 [[ 704, 922]],

 [[ 705, 923]],

 [[ 706, 923]],

 [[ 707, 923]],

 [[ 708, 924]],

 [[ 709, 925]],

 [[ 710, 925]],

 [[ 711, 924]],

 [[ 712, 924]],

 [[ 713, 925]],

 [[ 714, 925]],

 [[ 715, 925]],

 [[ 716, 925]],

 [[ 717, 925]],

 [[ 718, 925]],

 [[ 719, 925]],

 [[ 720, 925]],

 [[ 721, 925]],

 [[ 722, 925]],

 [[ 723, 925]],

 [[ 724, 925]],

 [[ 725, 925]],

 [[ 726, 925]],

 [[ 727, 925]],

 [[ 728, 925]],

 [[ 729, 925]],

 [[ 730, 925]],

 [[ 731, 925]],

 [[ 732, 925]],

 [[ 733, 925]],

 [[ 734, 925]],

 [[ 735, 925]],

 [[ 736, 925]],

 [[ 737, 925]],

 [[ 738, 925]],

 [[ 739, 925]],

 [[ 740, 925]],

 [[ 741, 925]],

 [[ 742, 925]],

 [[ 743, 925]],

 [[ 744, 926]],

 [[ 744, 927]],

 [[ 745, 927]],

 [[ 746, 927]],

 [[ 747, 927]],

 [[ 748, 927]],

 [[ 749, 927]],

 [[ 750, 927]],

 [[ 751, 927]],

 [[ 752, 927]],

 [[ 753, 926]],

 [[ 754, 925]],

 [[ 755, 925]],

 [[ 756, 926]],

 [[ 757, 927]],

 [[ 758, 927]],

 [[ 759, 927]],

 [[ 760, 927]],

 [[ 761, 927]],

 [[ 762, 927]],

 [[ 763, 927]],

 [[ 764, 927]],

 [[ 765, 927]],

 [[ 766, 927]],

 [[ 767, 927]],

 [[ 768, 927]],

 [[ 769, 927]],

 [[ 770, 927]],

 [[ 771, 927]],

 [[ 772, 927]],

 [[ 773, 927]],

 [[ 774, 927]],

 [[ 775, 927]],

 [[ 776, 928]],

 [[ 777, 929]],

 [[ 778, 929]],

 [[ 779, 929]],

 [[ 780, 929]],

 [[ 781, 929]],

 [[ 782, 929]],

 [[ 783, 929]],

 [[ 784, 929]],

 [[ 785, 929]],

 [[ 786, 929]],

 [[ 787, 929]],

 [[ 788, 929]],

 [[ 789, 929]],

 [[ 790, 929]],

 [[ 791, 929]],

 [[ 792, 929]],

 [[ 793, 929]],

 [[ 794, 929]],

 [[ 795, 929]],

 [[ 796, 929]],

 [[ 797, 929]],

 [[ 798, 929]],

 [[ 799, 929]],

 [[ 800, 929]],

 [[ 801, 929]],

 [[ 802, 929]],

 [[ 803, 929]],

 [[ 804, 929]],

 [[ 805, 929]],

 [[ 806, 929]],

 [[ 807, 929]],

 [[ 808, 929]],

 [[ 809, 929]],

 [[ 810, 929]],

 [[ 811, 929]],

 [[ 812, 929]],

 [[ 813, 929]],

 [[ 814, 929]],

 [[ 815, 929]],

 [[ 816, 929]],

 [[ 817, 929]],

 [[ 818, 929]],

 [[ 819, 929]],

 [[ 820, 929]],

 [[ 821, 929]],

 [[ 822, 929]],

 [[ 823, 929]],

 [[ 824, 929]],

 [[ 825, 929]],

 [[ 826, 929]],

 [[ 827, 929]],

 [[ 828, 929]],

 [[ 829, 929]],

 [[ 830, 929]],

 [[ 831, 929]],

 [[ 832, 929]],

 [[ 833, 929]],

 [[ 834, 929]],

 [[ 835, 929]],

 [[ 836, 930]],

 [[ 836, 931]],

 [[ 837, 931]],

 [[ 838, 931]],

 [[ 839, 931]],

 [[ 840, 931]],

 [[ 841, 931]],

 [[ 842, 931]],

 [[ 843, 931]],

 [[ 844, 931]],

 [[ 845, 931]],

 [[ 846, 931]],

 [[ 847, 931]],

 [[ 848, 931]],

 [[ 849, 931]],

 [[ 850, 931]],

 [[ 851, 931]],

 [[ 852, 931]],

 [[ 853, 931]],

 [[ 854, 931]],

 [[ 855, 931]],

 [[ 856, 931]],

 [[ 857, 931]],

 [[ 858, 931]],

 [[ 859, 931]],

 [[ 860, 931]],

 [[ 861, 931]],

 [[ 862, 931]],

 [[ 863, 931]],

 [[ 864, 931]],

 [[ 865, 931]],

 [[ 866, 931]],

 [[ 867, 931]],

 [[ 868, 931]],

 [[ 869, 931]],

 [[ 870, 931]],

 [[ 871, 931]],

 [[ 872, 931]],

 [[ 873, 931]],

 [[ 874, 931]],

 [[ 875, 931]],

 [[ 876, 931]],

 [[ 877, 931]],

 [[ 878, 931]],

 [[ 879, 931]],

 [[ 880, 931]],

 [[ 881, 931]],

 [[ 882, 931]],

 [[ 883, 931]],

 [[ 884, 932]],

 [[ 885, 933]],

 [[ 886, 933]],

 [[ 887, 933]],

 [[ 888, 933]],

 [[ 889, 933]],

 [[ 890, 933]],

 [[ 891, 933]],

 [[ 892, 933]],

 [[ 893, 932]],

 [[ 894, 931]],

 [[ 895, 931]],

 [[ 896, 931]],

 [[ 897, 931]],

 [[ 898, 932]],

 [[ 899, 933]],

 [[ 900, 933]],

 [[ 901, 933]],

 [[ 902, 933]],

 [[ 903, 933]],

 [[ 904, 933]],

 [[ 905, 933]],

 [[ 906, 933]],

 [[ 907, 933]],

 [[ 908, 933]],

 [[ 909, 933]],

 [[ 910, 933]],

 [[ 911, 933]],

 [[ 912, 933]],

 [[ 913, 933]],

 [[ 914, 933]],

 [[ 915, 933]],

 [[ 916, 933]],

 [[ 917, 933]],

 [[ 918, 933]],

 [[ 919, 933]],

 [[ 920, 933]],

 [[ 921, 933]],

 [[ 922, 933]],

 [[ 923, 933]],

 [[ 924, 933]],

 [[ 925, 933]],

 [[ 926, 933]],

 [[ 927, 933]],

 [[ 928, 933]],

 [[ 929, 933]],

 [[ 930, 933]],

 [[ 931, 933]],

 [[ 932, 934]],

 [[ 933, 935]],

 [[ 934, 935]],

 [[ 935, 935]],

 [[ 936, 935]],

 [[ 937, 935]],

 [[ 938, 935]],

 [[ 939, 935]],

 [[ 940, 935]],

 [[ 941, 935]],

 [[ 942, 935]],

 [[ 943, 935]],

 [[ 944, 935]],

 [[ 945, 935]],

 [[ 946, 935]],

 [[ 947, 935]],

 [[ 948, 935]],

 [[ 949, 935]],

 [[ 950, 935]],

 [[ 951, 935]],

 [[ 952, 935]],

 [[ 953, 935]],

 [[ 954, 935]],

 [[ 955, 935]],

 [[ 956, 935]],

 [[ 957, 935]],

 [[ 958, 935]],

 [[ 959, 935]],

 [[ 960, 935]],

 [[ 961, 935]],

 [[ 962, 935]],

 [[ 963, 935]],

 [[ 964, 935]],

 [[ 965, 935]],

 [[ 966, 935]],

 [[ 967, 935]],

 [[ 968, 935]],

 [[ 969, 935]],

 [[ 970, 935]],

 [[ 971, 934]],

 [[ 972, 934]],

 [[ 973, 935]],

 [[ 974, 935]],

 [[ 975, 935]],

 [[ 976, 935]],

 [[ 977, 935]],

 [[ 978, 935]],

 [[ 979, 935]],

 [[ 980, 935]],

 [[ 981, 935]],

 [[ 982, 935]],

 [[ 983, 935]],

 [[ 984, 936]],

 [[ 985, 937]],

 [[ 986, 937]],

 [[ 987, 937]],

 [[ 988, 937]],

 [[ 989, 937]],

 [[ 990, 937]],

 [[ 991, 937]],

 [[ 992, 937]],

 [[ 993, 937]],

 [[ 994, 937]],

 [[ 995, 937]],

 [[ 996, 937]],

 [[ 997, 937]],

 [[ 998, 937]],

 [[ 999, 937]],

 [[1000, 937]],

 [[1001, 937]],

 [[1002, 937]],

 [[1003, 937]],

 [[1004, 937]],

 [[1005, 937]],

 [[1006, 937]],

 [[1007, 937]],

 [[1008, 937]],

 [[1009, 937]],

 [[1010, 937]],

 [[1011, 937]],

 [[1012, 937]],

 [[1013, 937]],

 [[1014, 937]],

 [[1015, 937]],

 [[1016, 937]],

 [[1017, 937]],

 [[1018, 937]],

 [[1019, 937]],

 [[1020, 937]],

 [[1021, 937]],

 [[1022, 937]],

 [[1023, 937]],

 [[1024, 937]],

 [[1025, 937]],

 [[1026, 938]],

 [[1026, 939]],

 [[1027, 939]],

 [[1028, 939]],

 [[1029, 939]],

 [[1030, 939]],

 [[1031, 939]],

 [[1032, 939]],

 [[1033, 939]],

 [[1034, 939]],

 [[1035, 939]],

 [[1036, 939]],

 [[1037, 939]],

 [[1038, 939]],

 [[1039, 939]],

 [[1040, 939]],

 [[1041, 939]],

 [[1042, 939]],

 [[1043, 939]],

 [[1044, 939]],

 [[1045, 939]],

 [[1046, 939]],

 [[1047, 939]],

 [[1048, 939]],

 [[1049, 939]],

 [[1050, 939]],

 [[1051, 939]],

 [[1052, 939]],

 [[1053, 939]],

 [[1054, 939]],

 [[1055, 939]],

 [[1056, 939]],

 [[1057, 939]],

 [[1058, 939]],

 [[1059, 939]],

 [[1060, 939]],

 [[1061, 939]],

 [[1062, 940]],

 [[1063, 941]],

 [[1064, 941]],

 [[1065, 941]],

 [[1066, 941]],

 [[1067, 941]],

 [[1068, 941]],

 [[1069, 941]],

 [[1070, 941]],

 [[1071, 941]],

 [[1072, 941]],

 [[1073, 941]],

 [[1074, 941]],

 [[1075, 941]],

 [[1076, 941]],

 [[1077, 941]],

 [[1078, 941]],

 [[1079, 941]],

 [[1080, 941]],

 [[1081, 941]],

 [[1082, 941]],

 [[1083, 941]],

 [[1084, 941]],

 [[1085, 941]],

 [[1086, 941]],

 [[1087, 941]],

 [[1088, 941]],

 [[1089, 941]],

 [[1090, 941]],

 [[1091, 941]],

 [[1092, 941]],

 [[1093, 941]],

 [[1094, 941]],

 [[1095, 941]],

 [[1096, 941]],

 [[1097, 941]],

 [[1098, 941]],

 [[1099, 941]],

 [[1100, 941]],

 [[1101, 941]],

 [[1102, 941]],

 [[1103, 940]],

 [[1103, 939]],

 [[1103, 938]],

 [[1103, 937]],

 [[1103, 936]],

 [[1103, 935]],

 [[1103, 934]],

 [[1103, 933]],

 [[1103, 932]],

 [[1103, 931]],

 [[1102, 930]],

 [[1101, 929]],

 [[1101, 928]],

 [[1101, 927]],

 [[1101, 926]],

 [[1101, 925]],

 [[1101, 924]],

 [[1101, 923]],

 [[1101, 922]],

 [[1101, 921]],

 [[1101, 920]],

 [[1101, 919]],

 [[1100, 918]],

 [[1099, 917]],

 [[1099, 916]],

 [[1099, 915]],

 [[1099, 914]],

 [[1099, 913]],

 [[1099, 912]],

 [[1099, 911]],

 [[1099, 910]],

 [[1099, 909]],

 [[1099, 908]],

 [[1099, 907]],

 [[1099, 906]],

 [[1099, 905]],

 [[1099, 904]],

 [[1099, 903]],

 [[1099, 902]],

 [[1099, 901]],

 [[1099, 900]],

 [[1099, 899]],

 [[1099, 898]],

 [[1099, 897]],

 [[1098, 896]],

 [[1098, 895]],

 [[1099, 894]],

 [[1099, 893]],

 [[1099, 892]],

 [[1099, 891]],

 [[1099, 890]],

 [[1099, 889]],

 [[1099, 888]],

 [[1099, 887]],

 [[1099, 886]],

 [[1099, 885]],

 [[1099, 884]],

 [[1099, 883]],

 [[1099, 882]],

 [[1099, 881]],

 [[1098, 880]],

 [[1097, 879]],

 [[1097, 878]],

 [[1097, 877]],

 [[1097, 876]],

 [[1097, 875]],

 [[1097, 874]],

 [[1097, 873]],

 [[1097, 872]],

 [[1097, 871]],

 [[1097, 870]],

 [[1097, 869]],

 [[1097, 868]],

 [[1097, 867]],

 [[1097, 866]],

 [[1097, 865]],

 [[1097, 864]],

 [[1097, 863]],

 [[1097, 862]],

 [[1097, 861]],

 [[1097, 860]],

 [[1097, 859]],

 [[1097, 858]],

 [[1097, 857]],

 [[1097, 856]],

 [[1097, 855]],

 [[1097, 854]],

 [[1097, 853]],

 [[1097, 852]],

 [[1097, 851]],

 [[1097, 850]],

 [[1097, 849]],

 [[1097, 848]],

 [[1097, 847]],

 [[1097, 846]],

 [[1096, 846]],

 [[1095, 845]],

 [[1095, 844]],

 [[1095, 843]],

 [[1095, 842]],

 [[1096, 841]],

 [[1097, 841]],

 [[1097, 840]],

 [[1097, 839]],

 [[1097, 838]],

 [[1097, 837]],

 [[1097, 836]],

 [[1097, 835]],

 [[1097, 834]],

 [[1097, 833]],

 [[1097, 832]],

 [[1097, 831]],

 [[1097, 830]],

 [[1097, 829]],

 [[1097, 828]],

 [[1097, 827]],

 [[1097, 826]],

 [[1097, 825]],

 [[1097, 824]],

 [[1097, 823]],

 [[1097, 822]],

 [[1097, 821]],

 [[1097, 820]],

 [[1097, 819]],

 [[1097, 818]],

 [[1097, 817]],

 [[1097, 816]],

 [[1097, 815]],

 [[1097, 814]],

 [[1097, 813]],

 [[1097, 812]],

 [[1097, 811]],

 [[1096, 810]],

 [[1096, 809]],

 [[1097, 808]],

 [[1097, 807]],

 [[1097, 806]],

 [[1098, 805]],

 [[1099, 804]],

 [[1099, 803]],

 [[1099, 802]],

 [[1100, 801]],

 [[1101, 800]],

 [[1101, 799]],

 [[1101, 798]],

 [[1101, 797]],

 [[1101, 796]],

 [[1101, 795]],

 [[1101, 794]],

 [[1101, 793]],

 [[1100, 792]],

 [[1099, 791]],

 [[1099, 790]],

 [[1099, 789]],

 [[1098, 788]],

 [[1097, 787]],

 [[1097, 786]],

 [[1097, 785]],

 [[1097, 784]],

 [[1097, 783]],

 [[1097, 782]],

 [[1097, 781]],

 [[1097, 780]],

 [[1097, 779]],

 [[1097, 778]],

 [[1097, 777]],

 [[1097, 776]],

 [[1097, 775]],

 [[1097, 774]],

 [[1097, 773]],

 [[1097, 772]],

 [[1097, 771]],

 [[1096, 770]],

 [[1095, 769]],

 [[1095, 768]],

 [[1096, 767]],

 [[1097, 767]],

 [[1097, 766]],

 [[1097, 765]],

 [[1097, 764]],

 [[1097, 763]],

 [[1097, 762]],

 [[1098, 761]],

 [[1099, 760]],

 [[1099, 759]],

 [[1099, 758]],

 [[1099, 757]],

 [[1099, 756]],

 [[1099, 755]],

 [[1099, 754]],

 [[1099, 753]],

 [[1099, 752]],

 [[1099, 751]],

 [[1099, 750]],

 [[1099, 749]],

 [[1099, 748]],

 [[1099, 747]],

 [[1099, 746]],

 [[1099, 745]],

 [[1099, 744]],

 [[1099, 743]],

 [[1099, 742]],

 [[1099, 741]],

 [[1099, 740]],

 [[1099, 739]],

 [[1099, 738]],

 [[1098, 738]],

 [[1097, 737]],

 [[1097, 736]],

 [[1097, 735]],

 [[1097, 734]],

 [[1097, 733]],

 [[1097, 732]],

 [[1097, 731]],

 [[1097, 730]],

 [[1097, 729]],

 [[1097, 728]],

 [[1097, 727]],

 [[1097, 726]],

 [[1098, 725]],

 [[1099, 724]],

 [[1099, 723]],

 [[1099, 722]],

 [[1099, 721]],

 [[1099, 720]],

 [[1099, 719]],

 [[1099, 718]],

 [[1099, 717]],

 [[1099, 716]],

 [[1099, 715]],

 [[1099, 714]],

 [[1099, 713]],

 [[1099, 712]],

 [[1099, 711]],

 [[1099, 710]],

 [[1099, 709]],

 [[1099, 708]],

 [[1099, 707]],

 [[1099, 706]],

 [[1099, 705]],

 [[1098, 704]],

 [[1097, 703]],

 [[1097, 702]],

 [[1097, 701]],

 [[1097, 700]],

 [[1097, 699]],

 [[1097, 698]],

 [[1097, 697]],

 [[1097, 696]],

 [[1097, 695]],

 [[1097, 694]],

 [[1097, 693]],

 [[1097, 692]],

 [[1097, 691]],

 [[1096, 690]],

 [[1095, 689]],

 [[1094, 688]],

 [[1093, 687]],

 [[1093, 686]],

 [[1093, 685]],

 [[1093, 684]],

 [[1093, 683]],

 [[1093, 682]],

 [[1093, 681]],

 [[1093, 680]],

 [[1093, 679]],

 [[1093, 678]],

 [[1093, 677]],

 [[1093, 676]],

 [[1093, 675]],

 [[1093, 674]],

 [[1093, 673]],

 [[1093, 672]],

 [[1093, 671]],

 [[1093, 670]],

 [[1093, 669]],

 [[1093, 668]],

 [[1094, 667]],

 [[1095, 667]],

 [[1095, 666]],

 [[1095, 665]],

 [[1095, 664]],

 [[1095, 663]],

 [[1095, 662]],

 [[1095, 661]],

 [[1095, 660]],

 [[1095, 659]],

 [[1095, 658]],

 [[1095, 657]],

 [[1095, 656]],

 [[1095, 655]],

 [[1094, 654]],

 [[1093, 653]],

 [[1093, 652]],

 [[1093, 651]],

 [[1093, 650]],

 [[1094, 649]],

 [[1095, 648]],

 [[1095, 647]],

 [[1095, 646]],

 [[1095, 645]],

 [[1095, 644]],

 [[1095, 643]],

 [[1095, 642]],

 [[1096, 641]],

 [[1097, 641]],

 [[1097, 640]],

 [[1097, 639]],

 [[1097, 638]],

 [[1097, 637]],

 [[1097, 636]],

 [[1097, 635]],

 [[1097, 634]],

 [[1097, 633]],

 [[1097, 632]],

 [[1098, 631]],

 [[1099, 630]],

 [[1100, 629]],

 [[1101, 628]],

 [[1102, 627]],

 [[1103, 626]],

 [[1104, 625]],

 [[1105, 624]],

 [[1106, 623]],

 [[1107, 622]],

 [[1108, 621]],

 [[1109, 620]],

 [[1109, 619]],

 [[1109, 618]],

 [[1110, 617]],

 [[1111, 616]],

 [[1112, 615]],

 [[1113, 614]],

 [[1114, 613]],

 [[1115, 612]],

 [[1116, 611]],

 [[1117, 610]],

 [[1118, 609]],

 [[1119, 608]],

 [[1120, 607]],

 [[1121, 606]],

 [[1122, 605]],

 [[1123, 604]],

 [[1124, 603]],

 [[1125, 602]],

 [[1126, 601]],

 [[1127, 600]],

 [[1128, 599]],

 [[1129, 598]],

 [[1130, 597]],

 [[1131, 596]],

 [[1132, 595]],

 [[1133, 594]],

 [[1134, 593]],

 [[1135, 592]],

 [[1136, 591]],

 [[1137, 591]],

 [[1138, 591]],

 [[1139, 591]],

 [[1139, 590]],

 [[1140, 589]],

 [[1141, 589]],

 [[1142, 589]],

 [[1143, 589]],

 [[1144, 589]],

 [[1145, 589]],

 [[1146, 589]],

 [[1147, 589]],

 [[1148, 589]],

 [[1149, 589]],

 [[1150, 589]],

 [[1151, 589]],

 [[1152, 589]],

 [[1153, 589]],

 [[1153, 588]],

 [[1154, 587]],

 [[1155, 587]],

 [[1156, 587]],

 [[1157, 587]],

 [[1158, 587]],

 [[1159, 586]],

 [[1160, 586]],

 [[1161, 587]],

 [[1162, 587]],

 [[1163, 586]],

 [[1164, 587]],

 [[1165, 587]],

 [[1166, 587]],

 [[1167, 587]],

 [[1168, 586]],

 [[1169, 587]],

 [[1170, 587]],

 [[1171, 587]],

 [[1171, 586]],

 [[1172, 585]],

 [[1173, 585]],

 [[1174, 585]],

 [[1175, 585]],

 [[1176, 586]],

 [[1177, 587]],

 [[1178, 587]],

 [[1179, 587]],

 [[1180, 587]],

 [[1181, 587]],

 [[1182, 588]],

 [[1183, 589]],

 [[1184, 590]],

 [[1185, 591]],

 [[1186, 591]],

 [[1187, 591]],

 [[1188, 592]],

 [[1189, 593]],

 [[1190, 593]],

 [[1191, 593]],

 [[1192, 593]],

 [[1193, 593]],

 [[1194, 594]],

 [[1194, 595]],

 [[1195, 595]],

 [[1196, 595]],

 [[1197, 595]],

 [[1198, 595]],

 [[1199, 595]],

 [[1200, 595]],

 [[1201, 595]],

 [[1202, 595]],

 [[1203, 595]],

 [[1204, 596]],

 [[1205, 597]],

 [[1206, 597]],

 [[1207, 597]],

 [[1208, 597]],

 [[1209, 597]],

 [[1210, 597]],

 [[1211, 597]],

 [[1212, 597]],

 [[1213, 597]],

 [[1214, 597]],

 [[1215, 596]],

 [[1216, 595]],

 [[1217, 594]],

 [[1218, 593]],

 [[1219, 592]],

 [[1220, 592]],

 [[1221, 593]],

 [[1222, 593]],

 [[1223, 593]],

 [[1224, 594]],

 [[1225, 595]],

 [[1226, 596]],

 [[1227, 597]],

 [[1228, 598]],

 [[1229, 599]],

 [[1230, 600]],

 [[1231, 601]],

 [[1232, 602]],

 [[1232, 603]],

 [[1232, 604]],

 [[1233, 605]],

 [[1234, 606]],

 [[1235, 607]],

 [[1236, 608]],

 [[1237, 609]],

 [[1238, 610]],

 [[1239, 611]],

 [[1240, 612]],

 [[1241, 613]],

 [[1242, 614]],

 [[1243, 615]],

 [[1244, 616]],

 [[1245, 617]],

 [[1246, 618]],

 [[1247, 619]],

 [[1248, 620]],

 [[1248, 621]],

 [[1248, 622]],

 [[1249, 623]],

 [[1250, 624]],

 [[1251, 625]],

 [[1252, 626]],

 [[1253, 627]],

 [[1254, 628]],

 [[1255, 629]],

 [[1256, 630]],

 [[1257, 631]],

 [[1258, 631]],

 [[1259, 631]],

 [[1260, 632]],

 [[1261, 633]],

 [[1262, 634]],

 [[1263, 635]],

 [[1264, 636]],

 [[1265, 637]],

 [[1266, 638]],

 [[1267, 639]],

 [[1268, 640]],

 [[1269, 641]],

 [[1270, 641]],

 [[1271, 641]],

 [[1272, 642]],

 [[1273, 643]],

 [[1274, 644]],

 [[1275, 645]],

 [[1276, 646]],

 [[1277, 647]],

 [[1278, 647]],

 [[1279, 647]],

 [[1280, 648]],

 [[1281, 649]],

 [[1282, 649]],

 [[1283, 649]],

 [[1284, 650]],

 [[1285, 651]],

 [[1286, 652]],

 [[1287, 653]],

 [[1288, 653]],

 [[1289, 653]],

 [[1290, 653]],

 [[1291, 653]],

 [[1292, 654]],

 [[1293, 655]],

 [[1294, 655]],

 [[1295, 655]],

 [[1296, 656]],

 [[1297, 657]],

 [[1298, 657]],

 [[1299, 657]],

 [[1300, 658]],

 [[1301, 659]],

 [[1302, 659]],

 [[1303, 659]],

 [[1304, 660]],

 [[1305, 661]],

 [[1306, 661]],

 [[1307, 661]],

 [[1308, 661]],

 [[1309, 661]],

 [[1310, 661]],

 [[1311, 661]],

 [[1312, 661]],

 [[1313, 661]],

 [[1314, 661]],

 [[1315, 661]],

 [[1316, 661]],

 [[1317, 661]],

 [[1318, 662]],

 [[1318, 663]],

 [[1319, 663]],

 [[1320, 663]],

 [[1321, 663]],

 [[1322, 663]],

 [[1323, 663]],

 [[1324, 663]],

 [[1325, 663]],

 [[1326, 663]],

 [[1327, 663]],

 [[1328, 663]],

 [[1329, 663]],

 [[1330, 663]],

 [[1331, 663]],

 [[1332, 663]],

 [[1333, 663]],

 [[1334, 663]],

 [[1335, 663]],

 [[1336, 664]],

 [[1336, 665]],

 [[1337, 665]],

 [[1338, 665]],

 [[1339, 665]],

 [[1340, 665]],

 [[1341, 665]],

 [[1342, 665]],

 [[1343, 665]],

 [[1344, 665]],

 [[1345, 665]],

 [[1346, 665]],

 [[1347, 665]],

 [[1348, 665]],

 [[1349, 665]],

 [[1350, 665]],

 [[1351, 665]],

 [[1352, 665]],

 [[1353, 665]],

 [[1354, 665]],

 [[1355, 665]],

 [[1356, 665]],

 [[1357, 665]],

 [[1358, 665]],

 [[1359, 665]],

 [[1360, 665]],

 [[1361, 665]],

 [[1362, 665]],

 [[1363, 665]],

 [[1364, 665]],

 [[1365, 665]],

 [[1365, 664]],

 [[1366, 663]],

 [[1367, 663]],

 [[1368, 663]],

 [[1369, 663]],

 [[1370, 663]],

 [[1371, 662]],

 [[1372, 661]],

 [[1373, 661]],

 [[1374, 661]],

 [[1375, 661]],

 [[1376, 661]],

 [[1377, 661]],

 [[1378, 661]],

 [[1379, 661]],

 [[1380, 661]],

 [[1381, 660]],

 [[1382, 659]],

 [[1383, 659]],

 [[1384, 659]],

 [[1385, 659]],

 [[1386, 659]],

 [[1387, 659]],

 [[1388, 659]],

 [[1389, 659]],

 [[1390, 659]],

 [[1391, 659]],

 [[1392, 659]],

 [[1393, 658]],

 [[1394, 657]],

 [[1395, 656]],

 [[1396, 655]],

 [[1397, 654]],

 [[1398, 653]],

 [[1399, 653]],

 [[1400, 653]],

 [[1401, 652]],

 [[1402, 651]],

 [[1403, 650]],

 [[1404, 649]],

 [[1405, 648]],

 [[1406, 647]],

 [[1407, 647]],

 [[1408, 647]],

 [[1409, 647]],

 [[1410, 647]],

 [[1411, 646]],

 [[1412, 645]],

 [[1413, 645]],

 [[1414, 645]],

 [[1415, 645]],

 [[1416, 645]],

 [[1417, 644]],

 [[1418, 643]],

 [[1419, 642]],

 [[1420, 641]],

 [[1421, 641]],

 [[1422, 641]],

 [[1423, 640]],

 [[1424, 639]],

 [[1425, 638]],

 [[1426, 637]],

 [[1427, 636]],

 [[1428, 635]],

 [[1429, 635]],

 [[1430, 635]],

 [[1431, 635]],

 [[1432, 635]],

 [[1433, 634]],

 [[1434, 633]],

 [[1435, 632]],

 [[1436, 631]],

 [[1437, 630]],

 [[1438, 629]],

 [[1439, 628]],

 [[1440, 627]],

 [[1441, 626]],

 [[1442, 625]],

 [[1443, 625]],

 [[1444, 625]],

 [[1445, 624]],

 [[1446, 623]],

 [[1447, 622]],

 [[1448, 621]],

 [[1449, 620]],

 [[1449, 619]],

 [[1449, 618]],

 [[1450, 617]],

 [[1451, 617]],

 [[1451, 616]],

 [[1452, 615]],

 [[1453, 615]],

 [[1454, 615]],

 [[1455, 614]],

 [[1455, 613]],

 [[1455, 612]],

 [[1456, 611]],

 [[1457, 610]],

 [[1458, 609]],

 [[1459, 608]],

 [[1460, 607]],

 [[1461, 606]],

 [[1462, 605]],

 [[1463, 604]],

 [[1464, 603]],

 [[1465, 602]],

 [[1466, 601]],

 [[1467, 600]],

 [[1468, 599]],

 [[1469, 598]],

 [[1470, 597]],

 [[1471, 596]],

 [[1471, 595]],

 [[1471, 594]],

 [[1472, 593]],

 [[1473, 593]],

 [[1473, 592]],

 [[1474, 591]],

 [[1475, 590]],

 [[1476, 589]],

 [[1477, 588]],

 [[1478, 587]],

 [[1479, 587]],

 [[1479, 586]],

 [[1480, 585]],

 [[1481, 585]],

 [[1482, 585]],

 [[1483, 584]],

 [[1484, 583]],

 [[1485, 583]],

 [[1486, 583]],

 [[1487, 582]],

 [[1487, 581]],

 [[1487, 580]],

 [[1487, 579]],

 [[1487, 578]],

 [[1487, 577]],

 [[1487, 576]],

 [[1487, 575]],

 [[1487, 574]],

 [[1487, 573]],

 [[1487, 572]],

 [[1487, 571]],

 [[1487, 570]],

 [[1487, 569]],

 [[1487, 568]],

 [[1487, 567]],

 [[1487, 566]],

 [[1487, 565]],

 [[1487, 564]],

 [[1487, 563]],

 [[1487, 562]],

 [[1487, 561]],

 [[1487, 560]],

 [[1487, 559]],

 [[1487, 558]],

 [[1488, 557]],

 [[1489, 557]],

 [[1489, 556]],

 [[1489, 555]],

 [[1489, 554]],

 [[1489, 553]],

 [[1489, 552]],

 [[1489, 551]],

 [[1489, 550]],

 [[1490, 549]],

 [[1491, 548]],

 [[1491, 547]],

 [[1491, 546]],

 [[1491, 545]],

 [[1491, 544]],

 [[1492, 543]],

 [[1493, 543]],

 [[1493, 542]],

 [[1493, 541]],

 [[1493, 540]],

 [[1493, 539]],

 [[1493, 538]],

 [[1493, 537]],

 [[1493, 536]],

 [[1493, 535]],

 [[1493, 534]],

 [[1493, 533]],

 [[1493, 532]],

 [[1493, 531]],

 [[1493, 530]],

 [[1493, 529]],

 [[1493, 528]],

 [[1493, 527]],

 [[1493, 526]],

 [[1493, 525]],

 [[1493, 524]],

 [[1493, 523]],

 [[1493, 522]],

 [[1493, 521]],

 [[1493, 520]],

 [[1493, 519]],

 [[1493, 518]],

 [[1494, 517]],

 [[1495, 516]],

 [[1495, 515]],

 [[1495, 514]],

 [[1495, 513]],

 [[1495, 512]],

 [[1495, 511]],

 [[1495, 510]],

 [[1495, 509]],

 [[1495, 508]],

 [[1495, 507]],

 [[1495, 506]],

 [[1495, 505]],

 [[1495, 504]],

 [[1495, 503]],

 [[1495, 502]],

 [[1495, 501]],

 [[1495, 500]],

 [[1495, 499]],

 [[1495, 498]],

 [[1495, 497]],

 [[1495, 496]],

 [[1495, 495]],

 [[1495, 494]],

 [[1495, 493]],

 [[1495, 492]],

 [[1495, 491]],

 [[1495, 490]],

 [[1495, 489]],

 [[1495, 488]],

 [[1495, 487]],

 [[1495, 486]],

 [[1495, 485]],

 [[1495, 484]],

 [[1495, 483]],

 [[1495, 482]],

 [[1495, 481]],

 [[1495, 480]],

 [[1495, 479]],

 [[1495, 478]],

 [[1494, 478]],

 [[1493, 477]],

 [[1493, 476]],

 [[1493, 475]],

 [[1493, 474]],

 [[1493, 473]],

 [[1492, 472]],

 [[1491, 471]],

 [[1491, 470]],

 [[1491, 469]],

 [[1491, 468]],

 [[1491, 467]],

 [[1490, 466]],

 [[1489, 465]],

 [[1488, 464]],

 [[1487, 463]],

 [[1487, 462]],

 [[1487, 461]],

 [[1487, 460]],

 [[1487, 459]],

 [[1487, 458]],

 [[1487, 457]],

 [[1487, 456]],

 [[1487, 455]],

 [[1487, 454]],

 [[1487, 453]],

 [[1486, 452]],

 [[1485, 451]],

 [[1485, 450]],

 [[1485, 449]],

 [[1485, 448]],

 [[1485, 447]],

 [[1485, 446]],

 [[1485, 445]],

 [[1485, 444]],

 [[1485, 443]],

 [[1485, 442]],

 [[1485, 441]],

 [[1485, 440]],

 [[1485, 439]],

 [[1485, 438]],

 [[1485, 437]],

 [[1485, 436]],

 [[1485, 435]],

 [[1485, 434]],

 [[1485, 433]],

 [[1484, 432]],

 [[1483, 431]],

 [[1483, 430]],

 [[1483, 429]],

 [[1483, 428]],

 [[1483, 427]],

 [[1482, 426]],

 [[1481, 425]],

 [[1480, 424]],

 [[1479, 423]],

 [[1479, 422]],

 [[1479, 421]],

 [[1478, 420]],

 [[1477, 419]],

 [[1477, 418]],

 [[1477, 417]],

 [[1476, 416]],

 [[1475, 415]],

 [[1475, 414]],

 [[1475, 413]],

 [[1475, 412]],

 [[1475, 411]],

 [[1474, 410]],

 [[1473, 409]],

 [[1472, 408]],

 [[1471, 407]],

 [[1470, 406]],

 [[1469, 405]],

 [[1469, 404]],

 [[1469, 403]],

 [[1468, 402]],

 [[1467, 401]],

 [[1466, 400]],

 [[1465, 399]],

 [[1464, 398]],

 [[1463, 397]],

 [[1462, 396]],

 [[1461, 395]],

 [[1460, 394]],

 [[1459, 393]],

 [[1459, 392]],

 [[1459, 391]],

 [[1458, 390]],

 [[1457, 389]],

 [[1456, 388]],

 [[1455, 387]],

 [[1455, 386]],

 [[1455, 385]],

 [[1454, 384]],

 [[1453, 383]],

 [[1452, 382]],

 [[1451, 382]],

 [[1450, 382]],

 [[1449, 381]],

 [[1448, 380]],

 [[1447, 379]],

 [[1446, 378]],

 [[1445, 377]],

 [[1444, 376]],

 [[1443, 375]],

 [[1442, 374]],

 [[1441, 373]],

 [[1440, 372]],

 [[1439, 371]],

 [[1438, 370]],

 [[1437, 370]],

 [[1436, 370]],

 [[1435, 369]],

 [[1434, 368]],

 [[1433, 368]],

 [[1432, 368]],

 [[1431, 367]],

 [[1431, 366]],

 [[1430, 366]],

 [[1429, 365]],

 [[1428, 364]],

 [[1427, 363]],

 [[1426, 362]],

 [[1425, 362]],

 [[1424, 362]],

 [[1423, 361]],

 [[1422, 360]],

 [[1421, 359]],

 [[1420, 358]],

 [[1419, 358]],

 [[1418, 358]],

 [[1417, 358]],

 [[1416, 358]],

 [[1415, 357]],

 [[1414, 356]],

 [[1413, 355]],

 [[1412, 354]],

 [[1411, 354]],

 [[1410, 354]],

 [[1409, 354]],

 [[1408, 354]],

 [[1407, 353]],

 [[1406, 352]],

 [[1405, 352]],

 [[1404, 352]],

 [[1403, 351]],

 [[1402, 350]],

 [[1401, 350]],

 [[1400, 350]],

 [[1399, 350]],

 [[1398, 350]],

 [[1397, 349]],

 [[1396, 348]],

 [[1395, 348]],

 [[1394, 348]],

 [[1393, 347]],

 [[1392, 346]],

 [[1391, 346]],

 [[1390, 346]],

 [[1389, 346]],

 [[1388, 346]],

 [[1387, 346]],

 [[1386, 346]],

 [[1385, 346]],

 [[1384, 346]],

 [[1383, 346]],

 [[1382, 346]],

 [[1381, 346]],

 [[1380, 346]],

 [[1379, 345]],

 [[1378, 344]],

 [[1377, 344]],

 [[1376, 344]],

 [[1375, 344]],

 [[1374, 344]],

 [[1373, 344]],

 [[1372, 344]],

 [[1371, 344]],

 [[1370, 344]],

 [[1369, 343]],

 [[1368, 342]],

 [[1367, 342]],

 [[1366, 342]],

 [[1365, 342]],

 [[1364, 342]],

 [[1363, 342]],

 [[1362, 342]],

 [[1361, 342]],

 [[1360, 342]],

 [[1359, 342]],

 [[1358, 342]],

 [[1357, 342]],

 [[1356, 342]],

 [[1355, 342]],

 [[1354, 342]],

 [[1353, 342]],

 [[1352, 342]],

 [[1351, 342]],

 [[1350, 342]],

 [[1349, 342]],

 [[1348, 342]],

 [[1347, 342]],

 [[1346, 342]],

 [[1345, 342]],

 [[1344, 342]],

 [[1343, 342]],

 [[1342, 342]],

 [[1341, 342]],

 [[1340, 342]],

 [[1339, 342]],

 [[1338, 342]],

 [[1337, 342]],

 [[1336, 342]],

 [[1335, 342]],

 [[1334, 343]],

 [[1333, 344]],

 [[1332, 344]],

 [[1331, 344]],

 [[1330, 345]],

 [[1329, 346]],

 [[1328, 346]],

 [[1327, 346]],

 [[1326, 347]],

 [[1326, 348]],

 [[1326, 349]],

 [[1325, 350]],

 [[1324, 351]],

 [[1323, 352]],

 [[1322, 353]],

 [[1321, 354]],

 [[1320, 354]],

 [[1319, 354]],

 [[1318, 354]],

 [[1318, 355]],

 [[1317, 356]],

 [[1316, 356]],

 [[1315, 356]],

 [[1314, 356]],

 [[1313, 356]],

 [[1312, 357]],

 [[1311, 358]],

 [[1310, 358]],

 [[1309, 358]],

 [[1308, 359]],

 [[1307, 360]],

 [[1306, 361]],

 [[1305, 362]],

 [[1304, 362]],

 [[1303, 362]],

 [[1302, 362]],

 [[1301, 362]],

 [[1300, 362]],

 [[1299, 362]],

 [[1298, 362]],

 [[1297, 362]],

 [[1296, 362]],

 [[1295, 362]],

 [[1294, 362]],

 [[1294, 363]],

 [[1293, 364]],

 [[1292, 364]],

 [[1291, 364]],

 [[1290, 364]],

 [[1289, 364]],

 [[1288, 364]],

 [[1288, 365]],

 [[1287, 366]],

 [[1286, 366]],

 [[1285, 366]],

 [[1284, 367]],

 [[1283, 368]],

 [[1282, 368]],

 [[1281, 368]],

 [[1280, 369]],

 [[1279, 370]],

 [[1278, 371]],

 [[1277, 372]],

 [[1276, 373]],

 [[1275, 374]],

 [[1274, 375]],

 [[1273, 376]],

 [[1272, 377]],

 [[1271, 378]],

 [[1270, 378]],

 [[1269, 378]],

 [[1268, 379]],

 [[1267, 380]],

 [[1266, 381]],

 [[1265, 382]],

 [[1264, 383]],

 [[1264, 384]],

 [[1264, 385]],

 [[1263, 386]],

 [[1262, 386]],

 [[1262, 387]],

 [[1261, 388]],

 [[1260, 388]],

 [[1259, 388]],

 [[1258, 388]],

 [[1258, 389]],

 [[1257, 390]],

 [[1256, 390]],

 [[1255, 390]],

 [[1254, 391]],

 [[1253, 392]],

 [[1252, 393]],

 [[1251, 394]],

 [[1250, 395]],

 [[1249, 396]],

 [[1248, 396]],

 [[1248, 397]],

 [[1247, 398]],

 [[1246, 398]],

 [[1245, 398]],

 [[1244, 399]],

 [[1243, 400]],

 [[1242, 400]],

 [[1241, 400]],

 [[1240, 401]],

 [[1239, 402]],

 [[1238, 402]],

 [[1237, 402]],

 [[1236, 403]],

 [[1235, 404]],

 [[1234, 404]],

 [[1233, 404]],

 [[1232, 405]],

 [[1231, 406]],

 [[1230, 406]],

 [[1229, 406]],

 [[1228, 406]],

 [[1227, 406]],

 [[1226, 407]],

 [[1225, 408]],

 [[1224, 408]],

 [[1223, 408]],

 [[1222, 408]],

 [[1221, 408]],

 [[1220, 409]],

 [[1219, 410]],

 [[1218, 411]],

 [[1217, 412]],

 [[1216, 412]],

 [[1215, 412]],

 [[1214, 412]],

 [[1213, 412]],

 [[1212, 412]],

 [[1211, 412]],

 [[1210, 412]],

 [[1209, 412]],

 [[1208, 412]],

 [[1207, 412]],

 [[1206, 412]],

 [[1205, 412]],

 [[1204, 412]],

 [[1203, 412]],

 [[1202, 412]],

 [[1201, 412]],

 [[1200, 412]],

 [[1199, 412]],

 [[1198, 412]],

 [[1197, 412]],

 [[1196, 412]],

 [[1195, 412]],

 [[1194, 412]],

 [[1193, 412]],

 [[1192, 412]],

 [[1191, 412]],

 [[1190, 412]],

 [[1189, 411]],

 [[1189, 410]],

 [[1188, 410]],

 [[1187, 410]],

 [[1186, 410]],

 [[1185, 410]],

 [[1184, 410]],

 [[1183, 410]],

 [[1182, 410]],

 [[1181, 410]],

 [[1180, 410]],

 [[1179, 410]],

 [[1178, 410]],

 [[1177, 410]],

 [[1176, 410]],

 [[1175, 409]],

 [[1174, 408]],

 [[1173, 408]],

 [[1172, 408]],

 [[1171, 408]],

 [[1170, 408]],

 [[1169, 407]],

 [[1169, 406]],

 [[1168, 406]],

 [[1167, 406]],

 [[1166, 406]],

 [[1165, 406]],

 [[1164, 406]],

 [[1163, 405]],

 [[1162, 404]],

 [[1161, 403]],

 [[1160, 402]],

 [[1159, 401]],

 [[1158, 400]],

 [[1157, 400]],

 [[1156, 400]],

 [[1155, 399]],

 [[1154, 398]],

 [[1153, 397]],

 [[1152, 396]],

 [[1151, 395]],

 [[1150, 394]],

 [[1149, 393]],

 [[1148, 392]],

 [[1147, 392]],

 [[1146, 392]],

 [[1145, 391]],

 [[1144, 390]],

 [[1143, 389]],

 [[1142, 388]],

 [[1141, 387]],

 [[1140, 386]],

 [[1139, 385]],

 [[1138, 384]],

 [[1137, 383]],

 [[1136, 382]],

 [[1135, 381]],

 [[1134, 380]],

 [[1133, 379]],

 [[1133, 378]],

 [[1133, 377]],

 [[1132, 376]],

 [[1131, 375]],

 [[1130, 374]],

 [[1129, 373]],

 [[1129, 372]],

 [[1129, 371]],

 [[1128, 370]],

 [[1127, 369]],

 [[1127, 368]],

 [[1127, 367]],

 [[1127, 366]],

 [[1127, 365]],

 [[1127, 364]],

 [[1127, 363]],

 [[1127, 362]],

 [[1127, 361]],

 [[1127, 360]],

 [[1127, 359]],

 [[1126, 358]],

 [[1125, 357]],

 [[1125, 356]],

 [[1125, 355]],

 [[1125, 354]],

 [[1125, 353]],

 [[1125, 352]],

 [[1125, 351]],

 [[1124, 350]],

 [[1123, 349]],

 [[1123, 348]],

 [[1123, 347]],

 [[1122, 346]],

 [[1121, 345]],

 [[1120, 344]],

 [[1119, 343]],

 [[1118, 342]],

 [[1117, 341]],

 [[1117, 340]],

 [[1117, 339]],

 [[1117, 338]],

 [[1117, 337]],

 [[1117, 336]],

 [[1116, 336]],

 [[1115, 335]],

 [[1115, 334]],

 [[1115, 333]],

 [[1115, 332]],

 [[1115, 331]],

 [[1115, 330]],

 [[1115, 329]],

 [[1115, 328]],

 [[1115, 327]],

 [[1115, 326]],

 [[1115, 325]],

 [[1115, 324]],

 [[1115, 323]],

 [[1115, 322]],

 [[1115, 321]],

 [[1115, 320]],

 [[1115, 319]],

 [[1115, 318]],

 [[1115, 317]],

 [[1114, 316]],

 [[1113, 315]],

 [[1113, 314]],

 [[1113, 313]],

 [[1113, 312]],

 [[1113, 311]],

 [[1113, 310]],

 [[1114, 309]],

 [[1115, 308]],

 [[1115, 307]],

 [[1115, 306]],

 [[1115, 305]],

 [[1115, 304]],

 [[1115, 303]],

 [[1115, 302]],

 [[1115, 301]],

 [[1115, 300]],

 [[1115, 299]],

 [[1115, 298]],

 [[1115, 297]],

 [[1115, 296]],

 [[1115, 295]],

 [[1115, 294]],

 [[1115, 293]],

 [[1115, 292]],

 [[1115, 291]],

 [[1115, 290]],

 [[1115, 289]],

 [[1115, 288]],

 [[1115, 287]],

 [[1115, 286]],

 [[1115, 285]],

 [[1115, 284]],

 [[1116, 283]],

 [[1117, 283]],

 [[1117, 282]],

 [[1117, 281]],

 [[1117, 280]],

 [[1117, 279]],

 [[1117, 278]],

 [[1117, 277]],

 [[1117, 276]],

 [[1117, 275]],

 [[1117, 274]],

 [[1117, 273]],

 [[1117, 272]],

 [[1117, 271]],

 [[1117, 270]],

 [[1117, 269]],

 [[1116, 268]],

 [[1116, 267]],

 [[1117, 266]],

 [[1117, 265]],

 [[1117, 264]],

 [[1117, 263]],

 [[1117, 262]],

 [[1117, 261]],

 [[1117, 260]],

 [[1117, 259]],

 [[1117, 258]],

 [[1117, 257]],

 [[1117, 256]],

 [[1117, 255]],

 [[1117, 254]],

 [[1117, 253]],

 [[1117, 252]],

 [[1117, 251]],

 [[1117, 250]],

 [[1117, 249]],

 [[1117, 248]],

 [[1117, 247]],

 [[1117, 246]],

 [[1118, 245]],

 [[1119, 244]],

 [[1119, 243]],

 [[1119, 242]],

 [[1119, 241]],

 [[1119, 240]],

 [[1119, 239]],

 [[1119, 238]],

 [[1119, 237]],

 [[1119, 236]],

 [[1119, 235]],

 [[1119, 234]],

 [[1119, 233]],

 [[1119, 232]],

 [[1119, 231]],

 [[1119, 230]],

 [[1119, 229]],

 [[1119, 228]],

 [[1119, 227]],

 [[1119, 226]],

 [[1119, 225]],

 [[1119, 224]],

 [[1119, 223]],

 [[1119, 222]],

 [[1120, 221]],

 [[1121, 221]],

 [[1121, 220]],

 [[1121, 219]],

 [[1121, 218]],

 [[1121, 217]],

 [[1121, 216]],

 [[1121, 215]],

 [[1121, 214]],

 [[1121, 213]],

 [[1121, 212]],

 [[1121, 211]],

 [[1121, 210]],

 [[1121, 209]],

 [[1121, 208]],

 [[1121, 207]],

 [[1121, 206]],

 [[1121, 205]],

 [[1121, 204]],

 [[1121, 203]],

 [[1121, 202]],

 [[1121, 201]],

 [[1121, 200]],

 [[1121, 199]],

 [[1121, 198]],

 [[1121, 197]],

 [[1121, 196]],

 [[1120, 196]],

 [[1119, 195]],

 [[1119, 194]],

 [[1119, 193]],

 [[1119, 192]],

 [[1119, 191]],

 [[1119, 190]],

 [[1120, 189]],

 [[1121, 189]],

 [[1121, 188]],

 [[1121, 187]],

 [[1121, 186]],

 [[1121, 185]],

 [[1121, 184]],

 [[1121, 183]],

 [[1121, 182]],

 [[1121, 181]],

 [[1121, 180]],

 [[1121, 179]],

 [[1121, 178]],

 [[1121, 177]],

 [[1121, 176]],

 [[1120, 176]],

 [[1119, 175]],

 [[1119, 174]],

 [[1119, 173]],

 [[1119, 172]],

 [[1119, 171]],

 [[1119, 170]],

 [[1119, 169]],

 [[1118, 168]],

 [[1117, 167]],

 [[1117, 166]],

 [[1117, 165]],

 [[1117, 164]],

 [[1117, 163]],

 [[1117, 162]],

 [[1117, 161]],

 [[1117, 160]],

 [[1117, 159]],

 [[1117, 158]],

 [[1118, 157]],

 [[1119, 156]],

 [[1119, 155]],

 [[1119, 154]],

 [[1119, 153]],

 [[1119, 152]],

 [[1119, 151]],

 [[1119, 150]],

 [[1120, 149]],

 [[1121, 149]],

 [[1121, 148]],

 [[1121, 147]],

 [[1121, 146]],

 [[1121, 145]],

 [[1121, 144]],

 [[1122, 143]],

 [[1123, 142]],

 [[1123, 141]],

 [[1122, 140]],

 [[1122, 139]],

 [[1123, 138]],

 [[1123, 137]],

 [[1122, 136]],

 [[1121, 135]],

 [[1121, 134]],

 [[1121, 133]],

 [[1121, 132]],

 [[1121, 131]],

 [[1121, 130]],

 [[1121, 129]],

 [[1121, 128]],

 [[1122, 127]],

 [[1123, 126]],

 [[1124, 125]],

 [[1125, 124]],

 [[1125, 123]],

 [[1125, 122]],

 [[1126, 121]],

 [[1127, 120]],

 [[1128, 119]],

 [[1129, 118]],

 [[1129, 117]],

 [[1129, 116]],

 [[1130, 115]],

 [[1131, 114]],

 [[1132, 113]],

 [[1133, 112]],

 [[1133, 111]],

 [[1133, 110]],

 [[1133, 109]],

 [[1133, 108]],

 [[1133, 107]],

 [[1133, 106]],

 [[1133, 105]],

 [[1133, 104]],

 [[1133, 103]],

 [[1133, 102]],

 [[1133, 101]],

 [[1133, 100]],

 [[1133,  99]],

 [[1133,  98]],

 [[1133,  97]],

 [[1133,  96]],

 [[1133,  95]],

 [[1133,  94]],

 [[1133,  93]],

 [[1133,  92]],

 [[1133,  91]],

 [[1133,  90]],

 [[1134,  89]],

 [[1135,  88]],

 [[1135,  87]],

 [[1135,  86]],

 [[1135,  85]],

 [[1135,  84]],

 [[1135,  83]],

 [[1135,  82]],

 [[1135,  81]],

 [[1135,  80]],

 [[1135,  79]],

 [[1135,  78]],

 [[1135,  77]],

 [[1135,  76]],

 [[1135,  75]],

 [[1135,  74]],

 [[1135,  73]],

 [[1135,  72]],

 [[1135,  71]],

 [[1135,  70]],

 [[1135,  69]],

 [[1135,  68]],

 [[1135,  67]],

 [[1135,  66]],

 [[1135,  65]],

 [[1135,  64]],

 [[1135,  63]],

 [[1135,  62]],

 [[1135,  61]],

 [[1135,  60]],

 [[1135,  59]],

 [[1135,  58]],

 [[1135,  57]],

 [[1135,  56]],

 [[1135,  55]],

 [[1135,  54]],

 [[1135,  53]],

 [[1134,  52]],

 [[1133,  51]],

 [[1133,  50]],

 [[1132,  50]],

 [[1131,  50]],

 [[1130,  50]],

 [[1129,  50]],

 [[1128,  50]],

 [[1127,  50]],

 [[1126,  50]],

 [[1125,  50]],

 [[1124,  50]],

 [[1123,  50]],

 [[1122,  50]],

 [[1121,  50]],

 [[1120,  50]],

 [[1119,  49]],

 [[1119,  48]],

 [[1118,  48]],

 [[1117,  47]],

 [[1116,  46]],

 [[1115,  46]],

 [[1114,  46]],

 [[1113,  46]],

 [[1112,  46]],

 [[1111,  46]],

 [[1110,  46]],

 [[1109,  46]],

 [[1108,  47]],

 [[1107,  48]],

 [[1106,  48]],

 [[1105,  48]],

 [[1104,  48]],

 [[1103,  48]],

 [[1102,  48]],

 [[1101,  48]],

 [[1100,  48]],

 [[1099,  48]],

 [[1098,  48]],

 [[1097,  48]],

 [[1096,  48]],

 [[1095,  48]],

 [[1094,  48]],

 [[1093,  48]],

 [[1092,  48]],

 [[1091,  48]],

 [[1090,  48]],

 [[1089,  48]],

 [[1088,  48]],

 [[1087,  48]],

 [[1086,  48]],

 [[1085,  48]],

 [[1084,  48]],

 [[1083,  48]],

 [[1082,  48]],

 [[1081,  48]],

 [[1080,  48]],

 [[1079,  47]],

 [[1078,  46]],

 [[1077,  46]],

 [[1076,  46]],

 [[1075,  46]],

 [[1074,  46]],

 [[1073,  46]],

 [[1072,  46]],

 [[1071,  46]],

 [[1070,  46]],

 [[1069,  45]],

 [[1068,  44]],

 [[1067,  43]],

 [[1066,  42]],

 [[1065,  42]],

 [[1064,  42]],

 [[1063,  42]],

 [[1062,  42]],

 [[1061,  42]],

 [[1060,  42]],

 [[1059,  42]],

 [[1058,  42]],

 [[1057,  42]],

 [[1056,  42]],

 [[1055,  42]],

 [[1054,  42]],

 [[1053,  42]],

 [[1052,  42]],

 [[1051,  42]],

 [[1050,  42]],

 [[1049,  42]],

 [[1048,  42]],

 [[1047,  42]],

 [[1046,  42]],

 [[1045,  42]],

 [[1044,  42]],

 [[1043,  42]],

 [[1042,  42]],

 [[1041,  42]],

 [[1040,  42]],

 [[1039,  42]],

 [[1038,  42]],

 [[1037,  42]],

 [[1036,  42]],

 [[1035,  42]],

 [[1034,  42]],

 [[1033,  42]],

 [[1032,  42]],

 [[1031,  41]],

 [[1030,  40]],

 [[1029,  40]],

 [[1028,  40]],

 [[1027,  40]],

 [[1026,  40]],

 [[1025,  40]],

 [[1024,  40]],

 [[1023,  40]],

 [[1022,  40]],

 [[1021,  40]],

 [[1020,  40]],

 [[1019,  40]],

 [[1018,  40]],

 [[1017,  39]],

 [[1017,  38]],

 [[1016,  38]],

 [[1015,  38]],

 [[1014,  38]],

 [[1013,  38]],

 [[1012,  38]],

 [[1011,  38]],

 [[1010,  38]],

 [[1009,  38]],

 [[1008,  38]],

 [[1007,  38]],

 [[1006,  38]],

 [[1005,  38]],

 [[1004,  38]],

 [[1003,  38]],

 [[1002,  38]],

 [[1001,  38]],

 [[1000,  38]],

 [[ 999,  38]],

 [[ 998,  38]],

 [[ 997,  38]],

 [[ 996,  38]],

 [[ 995,  38]],

 [[ 994,  38]],

 [[ 993,  38]],

 [[ 992,  38]],

 [[ 991,  38]],

 [[ 990,  38]],

 [[ 989,  38]],

 [[ 988,  38]],

 [[ 987,  38]],

 [[ 986,  38]],

 [[ 985,  37]],

 [[ 985,  36]],

 [[ 984,  36]],

 [[ 983,  36]],

 [[ 982,  36]],

 [[ 981,  36]],

 [[ 980,  36]],

 [[ 979,  36]],

 [[ 978,  36]],

 [[ 977,  36]],

 [[ 976,  36]],

 [[ 975,  36]],

 [[ 974,  36]],

 [[ 973,  36]],

 [[ 972,  36]],

 [[ 971,  36]],

 [[ 970,  36]],

 [[ 969,  36]],

 [[ 968,  36]],

 [[ 967,  36]],

 [[ 966,  36]],

 [[ 965,  35]],

 [[ 965,  34]],

 [[ 964,  34]],

 [[ 963,  34]],

 [[ 962,  34]],

 [[ 961,  34]],

 [[ 960,  34]],

 [[ 959,  34]],

 [[ 958,  34]],

 [[ 957,  34]],

 [[ 956,  34]],

 [[ 955,  34]],

 [[ 954,  34]],

 [[ 953,  34]],

 [[ 952,  34]],

 [[ 951,  34]],

 [[ 950,  34]],

 [[ 949,  34]],

 [[ 948,  34]],

 [[ 947,  34]],

 [[ 946,  34]],

 [[ 945,  34]],

 [[ 944,  34]],

 [[ 943,  33]],

 [[ 942,  32]],

 [[ 941,  32]],

 [[ 940,  32]],

 [[ 939,  32]],

 [[ 938,  32]],

 [[ 937,  32]],

 [[ 936,  32]],

 [[ 935,  32]],

 [[ 934,  32]],

 [[ 933,  32]],

 [[ 932,  32]],

 [[ 931,  32]],

 [[ 930,  32]],

 [[ 929,  32]],

 [[ 928,  32]],

 [[ 927,  32]],

 [[ 926,  32]],

 [[ 925,  32]],

 [[ 924,  32]],

 [[ 923,  32]],

 [[ 922,  32]],

 [[ 921,  32]],

 [[ 920,  32]],

 [[ 919,  32]],

 [[ 918,  32]],

 [[ 917,  31]],

 [[ 916,  30]],

 [[ 915,  30]],

 [[ 914,  30]],

 [[ 913,  30]],

 [[ 912,  30]],

 [[ 911,  30]],

 [[ 910,  30]],

 [[ 909,  30]],

 [[ 908,  30]],

 [[ 907,  30]],

 [[ 906,  30]],

 [[ 905,  30]],

 [[ 904,  30]],

 [[ 903,  30]],

 [[ 902,  30]],

 [[ 901,  30]],

 [[ 900,  30]],

 [[ 899,  30]],

 [[ 898,  30]],

 [[ 897,  30]],

 [[ 896,  30]],

 [[ 895,  30]],

 [[ 894,  30]],

 [[ 893,  30]],

 [[ 892,  30]],

 [[ 891,  29]],

 [[ 890,  28]],

 [[ 889,  28]],

 [[ 888,  28]],

 [[ 887,  28]],

 [[ 886,  28]],

 [[ 885,  28]],

 [[ 884,  28]],

 [[ 883,  28]],

 [[ 882,  28]],

 [[ 881,  28]],

 [[ 880,  28]],

 [[ 879,  28]],

 [[ 878,  28]],

 [[ 877,  28]],

 [[ 876,  28]],

 [[ 875,  28]],

 [[ 874,  28]],

 [[ 873,  28]],

 [[ 872,  28]],

 [[ 871,  28]],

 [[ 870,  28]],

 [[ 869,  28]],

 [[ 868,  28]],

 [[ 867,  27]],

 [[ 867,  26]],

 [[ 866,  26]],

 [[ 865,  26]],

 [[ 864,  26]],

 [[ 863,  26]],

 [[ 862,  26]],

 [[ 861,  26]],

 [[ 860,  26]],

 [[ 859,  26]],

 [[ 858,  26]],

 [[ 857,  26]],

 [[ 856,  26]],

 [[ 855,  26]],

 [[ 854,  26]],

 [[ 853,  26]],

 [[ 852,  26]],

 [[ 851,  26]],

 [[ 850,  26]],

 [[ 849,  26]],

 [[ 848,  26]],

 [[ 847,  26]],

 [[ 846,  26]],

 [[ 845,  26]],

 [[ 844,  26]],

 [[ 843,  26]],

 [[ 842,  26]],

 [[ 841,  26]],

 [[ 840,  26]],

 [[ 839,  26]],

 [[ 838,  26]],

 [[ 837,  25]],

 [[ 836,  24]],

 [[ 835,  24]],

 [[ 834,  24]],

 [[ 833,  24]],

 [[ 832,  24]],

 [[ 831,  24]],

 [[ 830,  24]],

 [[ 829,  24]],

 [[ 828,  24]],

 [[ 827,  24]],

 [[ 826,  24]],

 [[ 825,  24]],

 [[ 824,  24]],

 [[ 823,  24]],

 [[ 822,  24]],

 [[ 821,  24]],

 [[ 820,  24]],

 [[ 819,  24]],

 [[ 818,  24]],

 [[ 817,  24]],

 [[ 816,  24]],

 [[ 815,  24]],

 [[ 814,  24]],

 [[ 813,  23]],

 [[ 812,  22]],

 [[ 811,  22]],

 [[ 810,  22]],

 [[ 809,  22]],

 [[ 808,  22]],

 [[ 807,  22]],

 [[ 806,  22]],

 [[ 805,  21]],

 [[ 804,  20]],

 [[ 803,  20]],

 [[ 802,  20]],

 [[ 801,  20]],

 [[ 800,  20]],

 [[ 799,  20]],

 [[ 798,  20]],

 [[ 797,  20]],

 [[ 796,  20]],

 [[ 795,  20]],

 [[ 794,  20]],

 [[ 794,  21]],

 [[ 793,  22]],

 [[ 792,  22]],

 [[ 791,  22]],

 [[ 790,  22]],

 [[ 789,  22]],

 [[ 788,  22]],

 [[ 787,  22]],

 [[ 786,  22]],

 [[ 785,  22]],

 [[ 784,  22]],

 [[ 783,  21]],

 [[ 782,  20]],

 [[ 781,  20]],

 [[ 780,  20]],

 [[ 779,  20]],

 [[ 778,  20]],

 [[ 777,  20]],

 [[ 776,  20]],

 [[ 775,  20]],

 [[ 774,  20]],

 [[ 773,  20]],

 [[ 772,  20]],

 [[ 771,  20]],

 [[ 770,  20]],

 [[ 769,  20]],

 [[ 768,  20]],

 [[ 767,  20]],

 [[ 766,  20]],

 [[ 765,  19]],

 [[ 765,  18]],

 [[ 764,  18]],

 [[ 763,  18]],

 [[ 762,  18]],

 [[ 761,  18]],

 [[ 760,  18]],

 [[ 759,  18]],

 [[ 758,  18]],

 [[ 757,  18]],

 [[ 756,  18]],

 [[ 755,  18]],

 [[ 754,  18]],

 [[ 753,  18]],

 [[ 752,  18]],

 [[ 751,  18]],

 [[ 750,  18]],

 [[ 749,  17]],

 [[ 748,  16]],

 [[ 747,  16]],

 [[ 746,  16]],

 [[ 745,  16]],

 [[ 744,  16]],

 [[ 743,  16]],

 [[ 742,  16]],

 [[ 741,  16]],

 [[ 740,  16]],

 [[ 739,  16]],

 [[ 738,  16]],

 [[ 737,  16]],

 [[ 736,  16]],

 [[ 735,  16]],

 [[ 734,  16]],

 [[ 733,  16]],

 [[ 732,  16]],

 [[ 731,  16]],

 [[ 730,  16]],

 [[ 729,  16]],

 [[ 728,  16]],

 [[ 727,  16]],

 [[ 726,  16]],

 [[ 725,  16]],

 [[ 724,  16]],

 [[ 723,  16]],

 [[ 722,  16]],

 [[ 721,  16]],

 [[ 720,  16]],

 [[ 719,  16]],

 [[ 718,  16]],

 [[ 717,  16]],

 [[ 716,  16]],

 [[ 715,  16]],

 [[ 714,  16]],

 [[ 713,  16]],

 [[ 712,  16]],

 [[ 711,  16]],

 [[ 710,  16]],

 [[ 709,  16]],

 [[ 708,  16]],

 [[ 707,  16]],

 [[ 706,  16]],

 [[ 705,  16]],

 [[ 704,  17]],

 [[ 703,  18]],

 [[ 702,  19]],

 [[ 701,  20]],

 [[ 700,  21]],

 [[ 699,  22]],

 [[ 698,  23]],

 [[ 697,  24]],

 [[ 696,  25]],

 [[ 695,  26]],

 [[ 694,  27]],

 [[ 693,  28]],

 [[ 692,  29]],

 [[ 691,  30]],

 [[ 690,  31]],

 [[ 689,  32]],

 [[ 688,  32]],

 [[ 688,  33]],

 [[ 688,  34]],

 [[ 688,  35]],

 [[ 687,  36]],

 [[ 686,  37]],

 [[ 686,  38]],

 [[ 686,  39]],

 [[ 686,  40]],

 [[ 686,  41]],

 [[ 686,  42]],

 [[ 686,  43]],

 [[ 686,  44]],

 [[ 686,  45]],

 [[ 685,  46]],

 [[ 684,  47]],

 [[ 683,  48]],

 [[ 682,  49]],

 [[ 682,  50]],

 [[ 682,  51]],

 [[ 681,  52]],

 [[ 680,  53]],

 [[ 679,  54]],

 [[ 678,  55]],

 [[ 677,  56]],

 [[ 676,  57]],

 [[ 676,  58]],

 [[ 676,  59]],

 [[ 675,  60]],

 [[ 674,  61]],

 [[ 674,  62]],

 [[ 674,  63]],

 [[ 673,  64]],

 [[ 672,  64]],

 [[ 672,  65]],

 [[ 672,  66]],

 [[ 672,  67]],

 [[ 672,  68]],

 [[ 672,  69]],

 [[ 672,  70]],

 [[ 672,  71]],

 [[ 672,  72]],

 [[ 672,  73]],

 [[ 672,  74]],

 [[ 672,  75]],

 [[ 672,  76]],

 [[ 672,  77]],

 [[ 672,  78]],

 [[ 672,  79]],

 [[ 672,  80]],

 [[ 672,  81]],

 [[ 672,  82]],

 [[ 672,  83]],

 [[ 672,  84]],

 [[ 672,  85]],

 [[ 672,  86]],

 [[ 672,  87]],

 [[ 673,  87]],

 [[ 674,  88]],

 [[ 674,  89]],

 [[ 674,  90]],

 [[ 674,  91]],

 [[ 674,  92]],

 [[ 674,  93]],

 [[ 674,  94]],

 [[ 674,  95]],

 [[ 674,  96]],

 [[ 675,  97]],

 [[ 676,  98]],

 [[ 676,  99]],

 [[ 676, 100]],

 [[ 676, 101]],

 [[ 676, 102]],

 [[ 676, 103]],

 [[ 676, 104]],

 [[ 677, 105]],

 [[ 678, 106]],

 [[ 678, 107]],

 [[ 678, 108]],

 [[ 678, 109]],

 [[ 678, 110]],

 [[ 678, 111]],

 [[ 678, 112]],

 [[ 678, 113]],

 [[ 678, 114]],

 [[ 678, 115]],

 [[ 678, 116]],

 [[ 678, 117]],

 [[ 678, 118]],

 [[ 678, 119]],

 [[ 678, 120]],

 [[ 678, 121]],

 [[ 678, 122]],

 [[ 678, 123]],

 [[ 678, 124]],

 [[ 678, 125]],

 [[ 678, 126]],

 [[ 678, 127]],

 [[ 678, 128]],

 [[ 678, 129]],

 [[ 678, 130]],

 [[ 679, 131]],

 [[ 680, 132]],

 [[ 680, 133]],

 [[ 680, 134]],

 [[ 681, 135]],

 [[ 682, 136]],

 [[ 683, 137]],

 [[ 684, 138]],

 [[ 685, 139]],

 [[ 686, 140]],

 [[ 687, 141]],

 [[ 688, 142]],

 [[ 689, 143]],

 [[ 690, 144]],

 [[ 690, 145]],

 [[ 690, 146]],

 [[ 690, 147]],

 [[ 690, 148]],

 [[ 690, 149]],

 [[ 690, 150]],

 [[ 690, 151]],

 [[ 690, 152]],

 [[ 691, 153]],

 [[ 692, 154]],

 [[ 693, 155]],

 [[ 694, 156]],

 [[ 695, 157]],

 [[ 696, 157]],

 [[ 697, 157]],

 [[ 698, 158]],

 [[ 698, 159]],

 [[ 699, 159]],

 [[ 700, 160]],

 [[ 700, 161]],

 [[ 700, 162]],

 [[ 701, 163]],

 [[ 702, 164]],

 [[ 703, 165]],

 [[ 704, 166]],

 [[ 705, 167]],

 [[ 706, 168]],

 [[ 706, 169]],

 [[ 706, 170]],

 [[ 707, 171]],

 [[ 708, 172]],

 [[ 709, 173]],

 [[ 710, 174]],

 [[ 711, 175]],

 [[ 712, 176]],

 [[ 712, 177]],

 [[ 712, 178]],

 [[ 713, 179]],

 [[ 714, 180]],

 [[ 714, 181]],

 [[ 714, 182]],

 [[ 715, 183]],

 [[ 716, 184]],

 [[ 717, 185]],

 [[ 718, 186]],

 [[ 718, 187]],

 [[ 719, 187]],

 [[ 720, 188]],

 [[ 720, 189]],

 [[ 720, 190]],

 [[ 720, 191]],

 [[ 720, 192]],

 [[ 720, 193]],

 [[ 720, 194]],

 [[ 721, 195]],

 [[ 722, 196]],

 [[ 722, 197]],

 [[ 722, 198]],

 [[ 723, 199]],

 [[ 724, 200]],

 [[ 724, 201]],

 [[ 724, 202]],

 [[ 724, 203]],

 [[ 724, 204]],

 [[ 724, 205]],

 [[ 724, 206]],

 [[ 724, 207]],

 [[ 724, 208]],

 [[ 725, 209]],

 [[ 726, 210]],

 [[ 726, 211]],

 [[ 726, 212]],

 [[ 726, 213]],

 [[ 726, 214]],

 [[ 726, 215]],

 [[ 726, 216]],

 [[ 727, 217]],

 [[ 728, 218]],

 [[ 728, 219]],

 [[ 728, 220]],

 [[ 728, 221]],

 [[ 728, 222]],

 [[ 728, 223]],

 [[ 728, 224]],

 [[ 728, 225]],

 [[ 729, 225]],

 [[ 730, 226]],

 [[ 730, 227]],

 [[ 730, 228]],

 [[ 730, 229]],

 [[ 730, 230]],

 [[ 730, 231]],

 [[ 730, 232]],

 [[ 730, 233]],

 [[ 730, 234]],

 [[ 730, 235]],

 [[ 730, 236]],

 [[ 731, 237]],

 [[ 732, 238]],

 [[ 732, 239]],

 [[ 732, 240]],

 [[ 732, 241]],

 [[ 732, 242]],

 [[ 732, 243]],

 [[ 732, 244]],

 [[ 732, 245]],

 [[ 732, 246]],

 [[ 732, 247]],

 [[ 732, 248]],

 [[ 732, 249]],

 [[ 732, 250]],

 [[ 732, 251]],

 [[ 732, 252]],

 [[ 732, 253]],

 [[ 732, 254]],

 [[ 732, 255]],

 [[ 732, 256]],

 [[ 732, 257]],

 [[ 732, 258]],

 [[ 732, 259]],

 [[ 732, 260]],

 [[ 732, 261]],

 [[ 732, 262]],

 [[ 732, 263]],

 [[ 731, 264]],

 [[ 730, 265]],

 [[ 730, 266]],

 [[ 730, 267]],

 [[ 730, 268]],

 [[ 730, 269]],

 [[ 730, 270]],

 [[ 730, 271]],

 [[ 729, 272]],

 [[ 728, 272]],

 [[ 728, 273]],

 [[ 728, 274]],

 [[ 728, 275]],

 [[ 728, 276]],

 [[ 728, 277]],

 [[ 727, 278]],

 [[ 726, 279]],

 [[ 726, 280]],

 [[ 726, 281]],

 [[ 726, 282]],

 [[ 726, 283]],

 [[ 726, 284]],

 [[ 726, 285]],

 [[ 726, 286]],

 [[ 726, 287]],

 [[ 725, 288]],

 [[ 724, 289]],

 [[ 724, 290]],

 [[ 724, 291]],

 [[ 724, 292]],

 [[ 724, 293]],

 [[ 723, 294]],

 [[ 722, 294]],

 [[ 722, 295]],

 [[ 722, 296]],

 [[ 722, 297]],

 [[ 722, 298]],

 [[ 722, 299]],

 [[ 721, 300]],

 [[ 720, 301]],

 [[ 719, 302]],

 [[ 718, 303]],

 [[ 718, 304]],

 [[ 718, 305]],

 [[ 718, 306]],

 [[ 718, 307]],

 [[ 718, 308]],

 [[ 718, 309]],

 [[ 717, 310]],

 [[ 716, 311]],

 [[ 716, 312]],

 [[ 716, 313]],

 [[ 715, 314]],

 [[ 714, 315]],

 [[ 714, 316]],

 [[ 714, 317]],

 [[ 714, 318]],

 [[ 714, 319]],

 [[ 713, 320]],

 [[ 712, 321]],

 [[ 711, 322]],

 [[ 710, 323]],

 [[ 709, 324]],

 [[ 708, 325]],

 [[ 708, 326]],

 [[ 708, 327]],

 [[ 707, 328]],

 [[ 706, 329]],

 [[ 705, 330]],

 [[ 704, 331]],

 [[ 703, 332]],

 [[ 702, 333]],

 [[ 701, 334]],

 [[ 700, 334]],

 [[ 700, 335]],

 [[ 699, 336]],

 [[ 698, 337]],

 [[ 697, 338]],

 [[ 696, 339]],

 [[ 695, 340]],

 [[ 694, 341]],

 [[ 693, 342]],

 [[ 692, 342]],

 [[ 692, 343]],

 [[ 691, 344]],

 [[ 690, 345]],

 [[ 689, 346]],

 [[ 688, 347]],

 [[ 687, 348]],

 [[ 686, 349]],

 [[ 685, 350]],

 [[ 684, 350]],

 [[ 684, 351]],

 [[ 683, 352]],

 [[ 682, 353]],

 [[ 681, 354]],

 [[ 680, 355]],

 [[ 679, 356]],

 [[ 678, 357]],

 [[ 677, 358]],

 [[ 676, 359]],

 [[ 675, 360]],

 [[ 674, 361]],

 [[ 673, 362]],

 [[ 672, 362]],

 [[ 671, 362]],

 [[ 670, 363]],

 [[ 669, 364]],

 [[ 668, 365]],

 [[ 667, 366]],

 [[ 666, 367]],

 [[ 665, 368]],

 [[ 664, 369]],

 [[ 663, 370]],

 [[ 662, 371]],

 [[ 661, 372]],

 [[ 660, 372]],

 [[ 659, 372]],

 [[ 658, 373]],

 [[ 657, 374]],

 [[ 656, 375]],

 [[ 655, 376]],

 [[ 654, 376]],

 [[ 653, 376]],

 [[ 652, 377]],

 [[ 651, 378]],

 [[ 650, 379]],

 [[ 649, 380]],

 [[ 648, 380]],

 [[ 647, 380]],

 [[ 646, 380]],

 [[ 645, 380]],

 [[ 644, 381]],

 [[ 643, 382]],

 [[ 642, 383]],

 [[ 641, 384]],

 [[ 640, 384]],

 [[ 639, 384]],

 [[ 638, 384]],

 [[ 637, 384]],

 [[ 636, 385]],

 [[ 635, 386]],

 [[ 634, 387]],

 [[ 633, 388]],

 [[ 632, 388]],

 [[ 631, 388]],

 [[ 630, 388]],

 [[ 629, 388]],

 [[ 628, 389]],

 [[ 627, 390]],

 [[ 626, 390]],

 [[ 625, 390]],

 [[ 624, 391]],

 [[ 623, 392]],

 [[ 622, 392]],

 [[ 621, 392]],

 [[ 620, 392]],

 [[ 619, 392]],

 [[ 618, 392]],

 [[ 617, 392]],

 [[ 616, 392]],

 [[ 615, 392]],

 [[ 614, 393]],

 [[ 613, 394]],

 [[ 612, 394]],

 [[ 611, 394]],

 [[ 610, 394]],

 [[ 609, 394]],

 [[ 608, 394]],

 [[ 607, 394]],

 [[ 606, 394]],

 [[ 605, 394]],

 [[ 604, 394]],

 [[ 604, 395]],

 [[ 603, 396]],

 [[ 602, 396]],

 [[ 601, 396]],

 [[ 600, 396]],

 [[ 599, 396]],

 [[ 598, 397]],

 [[ 597, 398]],

 [[ 596, 398]],

 [[ 595, 398]],

 [[ 594, 398]],

 [[ 593, 398]],

 [[ 592, 398]],

 [[ 591, 398]],

 [[ 590, 398]],

 [[ 589, 398]],

 [[ 588, 398]],

 [[ 587, 398]],

 [[ 586, 398]],

 [[ 585, 398]],

 [[ 584, 398]],

 [[ 583, 398]],

 [[ 582, 398]],

 [[ 581, 398]],

 [[ 580, 398]],

 [[ 579, 398]],

 [[ 578, 398]],

 [[ 577, 398]],

 [[ 576, 398]],

 [[ 575, 398]],

 [[ 574, 398]],

 [[ 573, 398]],

 [[ 572, 398]],

 [[ 571, 398]],

 [[ 570, 398]],

 [[ 569, 398]],

 [[ 568, 398]],

 [[ 567, 398]],

 [[ 566, 398]],

 [[ 565, 398]],

 [[ 564, 398]],

 [[ 563, 398]],

 [[ 562, 398]],

 [[ 561, 398]],

 [[ 560, 398]],

 [[ 559, 398]],

 [[ 558, 398]],

 [[ 557, 398]],

 [[ 556, 398]],

 [[ 555, 398]],

 [[ 554, 398]],

 [[ 553, 398]],

 [[ 552, 398]],

 [[ 551, 398]],

 [[ 550, 398]],

 [[ 549, 398]],

 [[ 548, 398]],

 [[ 547, 397]],

 [[ 546, 396]],

 [[ 545, 396]],

 [[ 544, 396]],

 [[ 543, 396]],

 [[ 542, 396]],

 [[ 541, 396]],

 [[ 540, 396]],

 [[ 539, 396]],

 [[ 538, 396]],

 [[ 537, 395]],

 [[ 536, 394]],

 [[ 535, 394]],

 [[ 534, 394]],

 [[ 533, 394]],

 [[ 532, 394]],

 [[ 531, 394]],

 [[ 530, 394]],

 [[ 529, 393]],

 [[ 529, 392]],

 [[ 528, 392]],

 [[ 527, 392]],

 [[ 526, 392]],

 [[ 525, 392]],

 [[ 524, 392]],

 [[ 523, 392]],

 [[ 522, 392]],

 [[ 521, 392]],

 [[ 520, 392]],

 [[ 519, 392]],

 [[ 518, 392]],

 [[ 517, 391]],

 [[ 516, 390]],

 [[ 515, 389]],

 [[ 514, 388]],

 [[ 513, 388]],

 [[ 512, 388]],

 [[ 511, 388]],

 [[ 510, 388]],

 [[ 509, 388]],

 [[ 508, 388]],

 [[ 507, 387]],

 [[ 506, 386]],

 [[ 505, 385]],

 [[ 504, 384]],

 [[ 503, 384]],

 [[ 502, 384]],

 [[ 501, 384]],

 [[ 500, 384]],

 [[ 499, 384]],

 [[ 498, 384]],

 [[ 497, 383]],

 [[ 496, 382]],

 [[ 495, 381]],

 [[ 494, 380]],

 [[ 493, 380]],

 [[ 492, 380]],

 [[ 491, 380]],

 [[ 490, 380]],

 [[ 489, 379]],

 [[ 488, 378]],

 [[ 487, 378]],

 [[ 486, 378]],

 [[ 485, 378]],

 [[ 484, 378]],

 [[ 483, 377]],

 [[ 482, 376]],

 [[ 481, 376]],

 [[ 480, 376]],

 [[ 479, 375]],

 [[ 478, 374]],

 [[ 477, 374]],

 [[ 476, 374]],

 [[ 475, 374]],

 [[ 474, 374]],

 [[ 473, 374]],

 [[ 472, 374]],

 [[ 471, 374]],

 [[ 470, 374]],

 [[ 469, 373]],

 [[ 468, 372]],

 [[ 467, 371]],

 [[ 466, 370]],

 [[ 465, 369]],

 [[ 464, 368]],

 [[ 463, 367]],

 [[ 462, 366]],

 [[ 461, 365]],

 [[ 460, 364]],

 [[ 459, 363]],

 [[ 458, 362]],

 [[ 457, 361]],

 [[ 456, 360]],

 [[ 455, 360]],

 [[ 454, 360]],

 [[ 453, 359]],

 [[ 452, 358]],

 [[ 451, 358]],

 [[ 450, 358]],

 [[ 449, 358]],

 [[ 448, 358]],

 [[ 447, 358]],

 [[ 446, 358]],

 [[ 445, 358]],

 [[ 444, 358]],

 [[ 443, 358]],

 [[ 442, 358]],

 [[ 441, 358]],

 [[ 440, 358]],

 [[ 439, 358]],

 [[ 438, 358]],

 [[ 437, 357]],

 [[ 436, 356]],

 [[ 435, 355]],

 [[ 434, 354]],

 [[ 433, 353]],

 [[ 432, 352]],

 [[ 431, 351]],

 [[ 430, 350]],

 [[ 429, 349]],

 [[ 428, 348]],

 [[ 427, 347]],

 [[ 426, 346]],

 [[ 425, 345]],

 [[ 424, 344]],

 [[ 423, 343]],

 [[ 423, 342]],

 [[ 423, 341]],

 [[ 422, 340]],

 [[ 421, 339]],

 [[ 420, 338]],

 [[ 419, 337]],

 [[ 418, 336]],

 [[ 417, 335]],

 [[ 416, 334]],

 [[ 415, 333]],

 [[ 414, 332]],

 [[ 413, 331]],

 [[ 412, 330]],

 [[ 411, 329]],

 [[ 410, 328]],

 [[ 409, 327]],

 [[ 408, 326]],

 [[ 407, 325]],

 [[ 406, 324]],

 [[ 405, 323]],

 [[ 404, 322]],

 [[ 403, 321]],

 [[ 402, 320]],

 [[ 401, 319]],

 [[ 401, 318]],

 [[ 401, 317]],

 [[ 400, 316]],

 [[ 399, 315]],

 [[ 398, 314]],

 [[ 397, 313]],

 [[ 396, 312]],

 [[ 395, 311]],

 [[ 394, 310]],

 [[ 393, 309]],

 [[ 393, 308]],

 [[ 393, 307]],

 [[ 393, 306]],

 [[ 393, 305]],

 [[ 393, 304]],

 [[ 393, 303]],

 [[ 393, 302]],

 [[ 393, 301]],

 [[ 392, 300]],

 [[ 391, 299]],

 [[ 390, 298]],

 [[ 389, 297]],

 [[ 388, 296]],

 [[ 387, 295]],

 [[ 387, 294]],

 [[ 387, 293]],

 [[ 387, 292]],

 [[ 387, 291]],

 [[ 387, 290]],

 [[ 387, 289]],

 [[ 387, 288]],

 [[ 387, 287]],

 [[ 387, 286]],

 [[ 387, 285]],

 [[ 387, 284]],

 [[ 387, 283]],

 [[ 387, 282]],

 [[ 387, 281]],

 [[ 387, 280]],

 [[ 387, 279]],

 [[ 387, 278]],

 [[ 387, 277]],

 [[ 387, 276]],

 [[ 387, 275]],

 [[ 387, 274]],

 [[ 387, 273]],

 [[ 387, 272]],

 [[ 387, 271]],

 [[ 387, 270]],

 [[ 387, 269]],

 [[ 386, 268]],

 [[ 385, 267]],

 [[ 385, 266]],

 [[ 385, 265]],

 [[ 385, 264]],

 [[ 385, 263]],

 [[ 385, 262]],

 [[ 385, 261]],

 [[ 385, 260]],

 [[ 385, 259]],

 [[ 385, 258]],

 [[ 385, 257]],

 [[ 385, 256]],

 [[ 385, 255]],

 [[ 385, 254]],

 [[ 385, 253]],

 [[ 385, 252]],

 [[ 384, 252]],

 [[ 383, 251]],

 [[ 383, 250]],

 [[ 383, 249]],

 [[ 383, 248]],

 [[ 383, 247]],

 [[ 383, 246]],

 [[ 383, 245]],

 [[ 383, 244]],

 [[ 383, 243]],

 [[ 383, 242]],

 [[ 383, 241]],

 [[ 383, 240]],

 [[ 384, 239]],

 [[ 385, 239]],

 [[ 385, 238]],

 [[ 385, 237]],

 [[ 385, 236]],

 [[ 385, 235]],

 [[ 385, 234]],

 [[ 385, 233]],

 [[ 385, 232]],

 [[ 385, 231]],

 [[ 385, 230]],

 [[ 385, 229]],

 [[ 385, 228]],

 [[ 385, 227]],

 [[ 385, 226]],

 [[ 385, 225]],

 [[ 385, 224]],

 [[ 386, 223]],

 [[ 387, 222]],

 [[ 387, 221]],

 [[ 387, 220]],

 [[ 387, 219]],

 [[ 387, 218]],

 [[ 387, 217]],

 [[ 387, 216]],

 [[ 387, 215]],

 [[ 387, 214]],

 [[ 387, 213]],

 [[ 387, 212]],

 [[ 387, 211]],

 [[ 387, 210]],

 [[ 388, 209]],

 [[ 389, 208]],

 [[ 389, 207]],

 [[ 389, 206]],

 [[ 390, 205]],

 [[ 391, 204]],

 [[ 392, 203]],

 [[ 393, 202]],

 [[ 394, 201]],

 [[ 395, 200]],

 [[ 395, 199]],

 [[ 395, 198]],

 [[ 396, 197]],

 [[ 397, 196]],

 [[ 397, 195]],

 [[ 397, 194]],

 [[ 397, 193]],

 [[ 397, 192]],

 [[ 397, 191]],

 [[ 397, 190]],

 [[ 398, 189]],

 [[ 399, 188]],

 [[ 400, 187]],

 [[ 401, 186]],

 [[ 402, 185]],

 [[ 403, 184]],

 [[ 404, 183]],

 [[ 405, 182]],

 [[ 405, 181]],

 [[ 405, 180]],

 [[ 406, 179]],

 [[ 407, 178]],

 [[ 408, 177]],

 [[ 409, 176]],

 [[ 410, 175]],

 [[ 411, 174]],

 [[ 412, 173]],

 [[ 413, 172]],

 [[ 413, 171]],

 [[ 413, 170]],

 [[ 414, 169]],

 [[ 415, 168]],

 [[ 416, 167]],

 [[ 417, 166]],

 [[ 418, 165]],

 [[ 419, 164]],

 [[ 420, 163]],

 [[ 421, 162]],

 [[ 422, 161]],

 [[ 423, 160]],

 [[ 424, 159]],

 [[ 425, 158]],

 [[ 426, 157]],

 [[ 427, 156]],

 [[ 428, 155]],

 [[ 429, 154]],

 [[ 430, 153]],

 [[ 431, 152]],

 [[ 432, 151]],

 [[ 433, 150]],

 [[ 434, 149]],

 [[ 435, 148]],

 [[ 436, 147]],

 [[ 437, 146]],

 [[ 438, 145]],

 [[ 439, 145]],

 [[ 440, 145]],

 [[ 441, 144]],

 [[ 442, 143]],

 [[ 443, 142]],

 [[ 444, 141]],

 [[ 445, 140]],

 [[ 446, 139]],

 [[ 447, 138]],

 [[ 448, 137]],

 [[ 449, 136]],

 [[ 449, 135]],

 [[ 449, 134]],

 [[ 450, 133]],

 [[ 451, 132]],

 [[ 452, 131]],

 [[ 453, 130]],

 [[ 454, 129]],

 [[ 455, 128]],

 [[ 455, 127]],

 [[ 455, 126]],

 [[ 456, 125]],

 [[ 457, 125]],

 [[ 457, 124]],

 [[ 457, 123]],

 [[ 457, 122]],

 [[ 457, 121]],

 [[ 457, 120]],

 [[ 457, 119]],

 [[ 457, 118]],

 [[ 458, 117]],

 [[ 459, 116]],

 [[ 460, 115]],

 [[ 461, 114]],

 [[ 461, 113]],

 [[ 461, 112]],

 [[ 461, 111]],

 [[ 461, 110]],

 [[ 461, 109]],

 [[ 461, 108]],

 [[ 461, 107]],

 [[ 461, 106]],

 [[ 461, 105]],

 [[ 461, 104]],

 [[ 462, 103]],

 [[ 463, 102]],

 [[ 463, 101]],

 [[ 463, 100]],

 [[ 463,  99]],

 [[ 463,  98]],

 [[ 463,  97]],

 [[ 463,  96]],

 [[ 463,  95]],

 [[ 463,  94]],

 [[ 464,  93]],

 [[ 465,  93]],

 [[ 465,  92]],

 [[ 465,  91]],

 [[ 465,  90]],

 [[ 465,  89]],

 [[ 465,  88]],

 [[ 465,  87]],

 [[ 465,  86]],

 [[ 465,  85]],

 [[ 465,  84]],

 [[ 465,  83]],

 [[ 465,  82]],

 [[ 465,  81]],

 [[ 465,  80]],

 [[ 465,  79]],

 [[ 465,  78]],

 [[ 465,  77]],

 [[ 465,  76]],

 [[ 465,  75]],

 [[ 465,  74]],

 [[ 465,  73]],

 [[ 465,  72]],

 [[ 465,  71]],

 [[ 465,  70]],

 [[ 465,  69]],

 [[ 465,  68]],

 [[ 465,  67]],

 [[ 464,  66]],

 [[ 463,  65]],

 [[ 463,  64]],

 [[ 463,  63]],

 [[ 463,  62]],

 [[ 463,  61]],

 [[ 463,  60]],

 [[ 463,  59]],

 [[ 463,  58]],

 [[ 464,  57]],

 [[ 465,  57]],

 [[ 465,  56]],

 [[ 466,  55]],

 [[ 467,  54]],

 [[ 468,  53]],

 [[ 469,  53]],

 [[ 470,  53]],

 [[ 471,  53]],

 [[ 472,  53]],

 [[ 473,  53]],

 [[ 473,  52]],

 [[ 472,  52]],

 [[ 471,  52]],

 [[ 470,  52]],

 [[ 469,  52]],

 [[ 468,  52]],

 [[ 467,  51]],

 [[ 466,  50]],

 [[ 465,  49]],

 [[ 464,  48]],

 [[ 463,  48]],

 [[ 462,  48]],

 [[ 461,  47]],

 [[ 460,  46]],

 [[ 459,  45]],

 [[ 458,  44]],

 [[ 457,  43]],

 [[ 456,  42]],

 [[ 455,  41]],

 [[ 454,  40]],

 [[ 453,  39]],

 [[ 453,  38]],

 [[ 452,  38]],

 [[ 451,  37]],

 [[ 450,  36]],

 [[ 449,  35]],

 [[ 448,  34]],

 [[ 447,  33]],

 [[ 446,  32]],

 [[ 445,  31]],

 [[ 444,  30]],

 [[ 443,  30]],

 [[ 442,  30]],

 [[ 441,  29]],

 [[ 440,  28]],

 [[ 439,  28]],

 [[ 438,  28]],

 [[ 437,  27]],

 [[ 436,  26]],

 [[ 435,  25]],

 [[ 434,  24]],

 [[ 433,  24]],

 [[ 432,  24]],

 [[ 431,  24]],

 [[ 430,  24]],

 [[ 429,  23]],

 [[ 429,  22]],

 [[ 428,  22]],

 [[ 427,  22]],

 [[ 426,  22]],

 [[ 425,  22]],

 [[ 424,  22]],

 [[ 423,  22]],

 [[ 422,  22]],

 [[ 421,  21]],

 [[ 420,  20]],

 [[ 419,  20]],

 [[ 418,  20]],

 [[ 417,  20]],

 [[ 416,  20]],

 [[ 415,  20]],

 [[ 414,  20]],

 [[ 413,  19]],

 [[ 413,  18]],

 [[ 412,  18]],

 [[ 411,  18]],

 [[ 410,  18]],

 [[ 409,  18]],

 [[ 408,  18]],

 [[ 407,  18]],

 [[ 406,  18]],

 [[ 405,  18]],

 [[ 404,  18]],

 [[ 403,  18]],

 [[ 402,  18]],

 [[ 401,  18]],

 [[ 400,  18]],

 [[ 399,  18]],

 [[ 398,  18]],

 [[ 397,  18]],

 [[ 396,  18]],

 [[ 395,  18]],

 [[ 394,  18]],

 [[ 393,  17]],

 [[ 393,  16]],

 [[ 392,  16]],

 [[ 391,  16]],

 [[ 390,  16]],

 [[ 389,  16]],

 [[ 388,  16]],

 [[ 387,  16]],

 [[ 386,  16]],

 [[ 385,  16]],

 [[ 384,  16]],

 [[ 383,  16]],

 [[ 382,  16]],

 [[ 381,  16]],

 [[ 380,  16]],

 [[ 379,  16]],

 [[ 378,  16]],

 [[ 377,  16]],

 [[ 376,  16]],

 [[ 375,  16]],

 [[ 374,  16]],

 [[ 373,  16]],

 [[ 372,  16]],

 [[ 371,  16]],

 [[ 370,  16]],

 [[ 369,  16]],

 [[ 368,  16]],

 [[ 367,  16]],

 [[ 366,  16]],

 [[ 365,  16]],

 [[ 364,  16]],

 [[ 363,  16]],

 [[ 362,  16]],

 [[ 361,  16]],

 [[ 360,  16]],

 [[ 359,  16]],

 [[ 358,  16]],

 [[ 357,  16]],

 [[ 356,  16]],

 [[ 355,  16]],

 [[ 354,  16]],

 [[ 353,  16]],

 [[ 352,  16]],

 [[ 351,  16]],

 [[ 350,  16]],

 [[ 349,  16]],

 [[ 348,  16]],

 [[ 347,  16]],

 [[ 346,  16]],

 [[ 345,  16]],

 [[ 344,  16]],

 [[ 343,  16]],

 [[ 342,  16]],

 [[ 341,  16]],

 [[ 340,  16]],

 [[ 339,  16]],

 [[ 338,  16]],

 [[ 337,  16]],

 [[ 336,  16]],

 [[ 335,  16]],

 [[ 334,  16]],

 [[ 333,  16]],

 [[ 332,  16]],

 [[ 331,  16]],

 [[ 330,  16]],

 [[ 329,  16]],

 [[ 328,  16]],

 [[ 327,  16]],

 [[ 326,  16]],

 [[ 325,  15]],

 [[ 324,  14]],

 [[ 323,  14]],

 [[ 322,  14]],

 [[ 321,  14]],

 [[ 320,  14]],

 [[ 319,  14]],

 [[ 318,  14]],

 [[ 317,  14]],

 [[ 316,  14]],

 [[ 315,  14]],

 [[ 314,  14]],

 [[ 313,  14]],

 [[ 312,  14]],

 [[ 311,  14]],

 [[ 310,  14]],

 [[ 309,  14]],

 [[ 308,  14]],

 [[ 307,  14]],

 [[ 306,  14]],

 [[ 305,  14]],

 [[ 304,  14]],

 [[ 303,  14]],

 [[ 302,  14]],

 [[ 301,  14]],

 [[ 300,  14]],

 [[ 299,  14]],

 [[ 298,  14]],

 [[ 297,  14]],

 [[ 296,  14]],

 [[ 295,  14]],

 [[ 294,  14]],

 [[ 293,  14]],

 [[ 292,  14]],

 [[ 291,  14]],

 [[ 290,  14]],

 [[ 289,  13]],

 [[ 289,  12]],

 [[ 288,  12]],

 [[ 287,  12]],

 [[ 286,  12]],

 [[ 285,  12]],

 [[ 284,  12]],

 [[ 283,  12]],

 [[ 282,  12]],

 [[ 281,  12]],

 [[ 280,  12]],

 [[ 279,  12]],

 [[ 278,  12]],

 [[ 277,  12]],

 [[ 276,  12]],

 [[ 275,  12]],

 [[ 274,  12]],

 [[ 273,  12]],

 [[ 272,  12]],

 [[ 271,  12]],

 [[ 270,  12]],

 [[ 269,  12]],

 [[ 268,  12]],

 [[ 267,  12]],

 [[ 266,  12]],

 [[ 265,  12]],

 [[ 264,  12]],

 [[ 263,  12]],

 [[ 262,  12]],

 [[ 261,  12]],

 [[ 260,  12]],

 [[ 259,  12]],

 [[ 258,  12]],

 [[ 257,  12]],

 [[ 256,  12]],

 [[ 255,  12]],

 [[ 254,  12]],

 [[ 253,  12]],

 [[ 252,  12]],

 [[ 251,  12]],

 [[ 250,  12]],

 [[ 249,  12]],

 [[ 248,  12]],

 [[ 247,  12]],

 [[ 246,  12]],

 [[ 245,  12]],

 [[ 244,  12]],

 [[ 243,  11]],

 [[ 243,  10]],

 [[ 242,  10]],

 [[ 241,  10]],

 [[ 240,  10]],

 [[ 239,  10]],

 [[ 238,  10]],

 [[ 237,  10]],

 [[ 236,  10]],

 [[ 235,  10]],

 [[ 234,  10]],

 [[ 233,  10]],

 [[ 232,  10]],

 [[ 231,  10]],

 [[ 230,  10]],

 [[ 229,  10]],

 [[ 228,  10]],

 [[ 227,  10]],

 [[ 226,  10]],

 [[ 225,  10]],

 [[ 224,  10]],

 [[ 223,  10]],

 [[ 222,  10]],

 [[ 221,  10]],

 [[ 220,  10]],

 [[ 219,  10]],

 [[ 218,  10]],

 [[ 217,  10]],

 [[ 216,  10]],

 [[ 215,  10]],

 [[ 214,  10]],

 [[ 213,  10]],

 [[ 212,  10]],

 [[ 211,  10]],

 [[ 210,  10]],

 [[ 209,  10]],

 [[ 208,  10]],

 [[ 207,  10]],

 [[ 206,  10]],

 [[ 205,  10]],

 [[ 204,  10]],

 [[ 203,  10]],

 [[ 202,  10]],

 [[ 201,  10]],

 [[ 200,  10]],

 [[ 199,  10]],

 [[ 198,  10]],

 [[ 197,   9]],

 [[ 196,   8]],

 [[ 195,   8]],

 [[ 194,   8]],

 [[ 193,   8]],

 [[ 192,   8]],

 [[ 191,   8]],

 [[ 190,   8]],

 [[ 189,   8]],

 [[ 188,   8]],

 [[ 187,   8]],

 [[ 186,   8]],

 [[ 185,   8]],

 [[ 184,   8]],

 [[ 183,   8]],

 [[ 182,   8]],

 [[ 181,   8]],

 [[ 180,   8]],

 [[ 179,   8]],

 [[ 178,   8]],

 [[ 177,   8]],

 [[ 176,   8]],

 [[ 175,   8]],

 [[ 174,   8]],

 [[ 173,   8]],

 [[ 172,   8]],

 [[ 171,   8]],

 [[ 170,   8]],

 [[ 169,   8]],

 [[ 168,   8]],

 [[ 167,   8]],

 [[ 166,   8]],

 [[ 165,   8]],

 [[ 164,   8]],

 [[ 163,   8]],

 [[ 162,   8]],

 [[ 161,   8]],

 [[ 160,   8]],

 [[ 159,   8]],

 [[ 158,   8]],

 [[ 157,   8]],

 [[ 156,   8]],

 [[ 155,   8]],

 [[ 154,   8]],

 [[ 153,   7]],

 [[ 153,   6]],

 [[ 152,   6]],

 [[ 151,   6]],

 [[ 150,   6]],

 [[ 149,   6]],

 [[ 148,   6]],

 [[ 147,   6]],

 [[ 146,   6]],

 [[ 145,   6]],

 [[ 144,   6]],

 [[ 143,   6]],

 [[ 142,   6]],

 [[ 141,   6]],

 [[ 140,   6]],

 [[ 139,   6]],

 [[ 138,   6]],

 [[ 137,   6]],

 [[ 136,   6]],

 [[ 135,   6]],

 [[ 134,   6]],

 [[ 133,   6]],

 [[ 132,   6]],

 [[ 131,   6]],

 [[ 130,   6]],

 [[ 129,   6]],

 [[ 128,   6]],

 [[ 127,   6]],

 [[ 126,   6]],

 [[ 125,   6]],

 [[ 124,   6]],

 [[ 123,   6]],

 [[ 122,   6]],

 [[ 121,   6]],

 [[ 120,   6]],

 [[ 119,   6]],

 [[ 118,   6]],

 [[ 117,   6]],

 [[ 116,   6]],

 [[ 115,   6]],

 [[ 114,   6]],

 [[ 113,   6]],

 [[ 112,   6]],

 [[ 111,   5]],

 [[ 110,   4]],

 [[ 109,   4]],

 [[ 108,   4]],

 [[ 107,   4]],

 [[ 106,   4]],

 [[ 105,   4]],

 [[ 104,   4]],

 [[ 103,   4]],

 [[ 102,   4]],

 [[ 101,   4]],

 [[ 100,   4]],

 [[  99,   4]],

 [[  98,   4]],

 [[  97,   4]],

 [[  96,   4]],

 [[  95,   4]],

 [[  94,   4]],

 [[  93,   4]],

 [[  92,   4]],

 [[  91,   4]],

 [[  90,   4]],

 [[  89,   4]],

 [[  88,   4]],

 [[  87,   4]],

 [[  86,   4]],

 [[  85,   4]],

 [[  84,   4]],

 [[  83,   4]],

 [[  82,   4]],

 [[  81,   4]],

 [[  80,   4]],

 [[  79,   4]],

 [[  78,   4]],

 [[  77,   4]],

 [[  76,   4]],

 [[  75,   3]],

 [[  75,   2]],

 [[  74,   2]],

 [[  73,   2]],

 [[  72,   2]],

 [[  71,   2]],

 [[  70,   2]],

 [[  69,   2]],

 [[  68,   2]],

 [[  67,   2]],

 [[  66,   2]],

 [[  65,   2]],

 [[  64,   2]],

 [[  63,   2]],

 [[  62,   2]],

 [[  61,   2]],

 [[  60,   2]],

 [[  59,   2]],

 [[  58,   2]],

 [[  57,   2]],

 [[  56,   2]],

 [[  55,   2]],

 [[  54,   2]],

 [[  53,   2]],

 [[  52,   2]],

 [[  51,   2]],

 [[  50,   2]],

 [[  49,   2]],

 [[  48,   2]],

 [[  47,   2]],

 [[  46,   2]],

 [[  45,   2]],

 [[  44,   2]],

 [[  43,   2]],

 [[  42,   2]],

 [[  41,   1]],

 [[  41,   0]],

 [[  40,   0]],

 [[  39,   0]],

 [[  38,   0]],

 [[  37,   0]],

 [[  36,   0]],

 [[  35,   0]],

 [[  34,   0]],

 [[  33,   0]],

 [[  32,   0]],

 [[  31,   0]],

 [[  30,   0]],

 [[  29,   0]],

 [[  28,   0]],

 [[  27,   0]],

 [[  26,   0]],

 [[  25,   0]],

 [[  24,   0]],

 [[  23,   0]],

 [[  22,   0]],

 [[  21,   0]],

 [[  20,   0]],

 [[  19,   0]],

 [[  18,   0]],

 [[  17,   0]],

 [[  16,   0]],

 [[  15,   0]]]