  457,   0,
  456,   1,
  455,   1,
  454,   1,
  453,   1,
  452,   1,
  451,   1,
  450,   1,
  449,   1,
  448,   1,
  447,   1,
  446,   1,
  445,   1,
  444,   1,
  443,   1,
  442,   1,
  441,   1,
  440,   1,
  439,   1,
  438,   1,
  437,   1,
  436,   1,
  435,   1,
  434,   1,
  433,   1,
  432,   1,
  431,   1,
  430,   1,
  429,   1,
  428,   1,
  427,   1,
  426,   1,
  425,   1,
  424,   1,
  423,   1,
  422,   1,
  421,   1,
  420,   1,
  419,   1,
  418,   1,
  417,   1,
  416,   1,
  415,   1,
  414,   1,
  413,   1,
  412,   1,
  411,   1,
  410,   1,
  409,   2,
  408,   1,
  407,   2,
  406,   2,
  405,   2,
  404,   2,
  403,   2,
  402,   2,
  401,   2,
  400,   2,
  399,   2,
  398,   2,
  397,   2,
  396,   2,
  395,   2,
  394,   2,
  393,   2,
  392,   2,
  391,   2,
  390,   2,
  389,   2,
  388,   2,
  387,   2,
  386,   2,
  385,   2,
  384,   2,
  383,   2,
  382,   3,
  381,   3,
  380,   3,
  379,   3,
  378,   3,
  377,   3,
  376,   3,
  375,   4,
  374,   4,
  373,   4,
  372,   5,
  371,   5,
  370,   6,
  369,   7,
  368,   7,
  367,   8,
  367,   9,
  366,  10,
  365,  11,
  365,  12,
  364,  13,
  364,  14,
  364,  15,
  363,  16,
  363,  17,
  363,  18,
  363,  19,
  363,  20,
  363,  21,
  363,  22,
  362,  23,
  362,  24,
  362,  25,
  362,  26,
  362,  27,
  362,  28,
  362,  29,
  362,  30,
  362,  31,
  362,  32,
  363,  33,
  363,  34,
  363,  35,
  363,  36,
  363,  37,
  363,  38,
  363,  39,
  363,  40,
  363,  41,
  363,  42,
  364,  43,
  364,  44,
  364,  45,
  364,  46,
  364,  47,
  365,  48,
  365,  49,
  365,  50,
  365,  51,
  366,  52,
  366,  53,
  366,  54,
  367,  55,
  367,  56,
  367,  57,
  367,  58,
  368,  59,
  368,  60,
  368,  61,
  369,  62,
  369,  63,
  369,  64,
  369,  65,
  369,  66,
  369,  67,
  369,  68,
  370,  69,
  370,  70,
  370,  71,
  370,  72,
  370,  73,
  370,  74,
  370,  75,
  370,  76,
  370,  77,
  370,  78,
  370,  79,
  370,  80,
  370,  81,
  370,  82,
  370,  83,
  370,  84,
  370,  85,
  370,  86,
  370,  87,
  370,  88,
  370,  89,
  370,  90,
  371,  91,
  371,  92,
  371,  93,
  371,  94,
  371,  95,
  371,  96,
  371,  97,
  371,  98,
  371,  99,
  372, 100,
  372, 101,
  372, 102,
  372, 103,
  372, 104,
  372, 105,
  372, 106,
  373, 107,
  373, 108,
  373, 109,
  373, 110,
  373, 111,
  373, 112,
  373, 113,
  374, 114,
  374, 115,
  374, 116,
  374, 117,
  374, 118,
  374, 119,
  374, 120,
  374, 121,
  374, 122,
  374, 123,
  375, 124,
  375, 125,
  375, 126,
  375, 127,
  375, 128,
  375, 129,
  375, 130,
  375, 131,
  375, 132,
  375, 133,
  375, 134,
  375, 135,
  375, 136,
  375, 137,
  375, 138,
  375, 139,
  375, 140,
  375, 141,
  375, 142,
  375, 143,
  375, 144,
  375, 145,
  375, 146,
  375, 147,
  375, 148,
  375, 149,
  375, 150,
  375, 151,
  375, 152,
  375, 153,
  375, 154,
  375, 155,
  375, 156,
  375, 157,
  375, 158,
  376, 159,
  376, 160,
  376, 161,
  376, 162,
  376, 163,
  376, 164,
  376, 165,
  376, 166,
  377, 167,
  377, 168,
  377, 169,
  377, 170,
  377, 171,
  377, 172,
  377, 173,
  377, 174,
  377, 175,
  377, 176,
  377, 177,
  377, 178,
  377, 179,
  377, 180,
  377, 181,
  377, 182,
  376, 183,
  376, 184,
  376, 185,
  376, 186,
  376, 187,
  376, 188,
  376, 189,
  376, 190,
  375, 191,
  375, 192,
  375, 193,
  375, 194,
  375, 195,
  375, 196,
  375, 197,
  375, 198,
  375, 199,
  375, 200,
  374, 201,
  374, 202,
  374, 203,
  374, 204,
  374, 205,
  374, 206,
  374, 207,
  374, 208,
  373, 209,
  373, 210,
  373, 211,
  373, 212,
  373, 213,
  373, 214,
  373, 215,
  373, 216,
  373, 217,
  373, 218,
  373, 219,
  373, 220,
  373, 221,
  373, 222,
  373, 223,
  373, 224,
  373, 225,
  373, 226,
  374, 227,
  374, 228,
  374, 229,
  374, 230,
  374, 231,
  374, 232,
  374, 233,
  374, 234,
  375, 235,
  375, 236,
  375, 237,
  375, 238,
  375, 239,
  375, 240,
  375, 241,
  375, 242,
  376, 243,
  376, 244,
  376, 245,
  376, 246,
  376, 247,
  376, 248,
  376, 249,
  376, 250,
  376, 251,
  376, 252,
  375, 253,
  375, 254,
  375, 255,
  375, 256,
  375, 257,
  375, 258,
  375, 259,
  374, 260,
  374, 261,
  374, 262,
  374, 263,
  374, 264,
  374, 265,
  373, 266,
  373, 267,
  373, 268,
  373, 269,
  373, 270,
  373, 271,
  373, 272,
  373, 273,
  373, 274,
  373, 275,
  373, 276,
  373, 277,
  373, 278,
  373, 279,
  373, 280,
  373, 281,
  373, 282,
  372, 283,
  372, 284,
  372, 285,
  372, 286,
  373, 287,
  373, 288,
  373, 289,
  373, 290,
  373, 291,
  373, 292,
  373, 293,
  373, 294,
  373, 295,
  373, 296,
  373, 297,
  373, 298,
  373, 299,
  373, 300,
  373, 301,
  373, 302,
  373, 303,
  373, 304,
  373, 305,
  373, 306,
  373, 307,
  373, 308,
  373, 309,
  373, 310,
  373, 311,
  373, 312,
  373, 313,
  373, 314,
  373, 315,
  373, 316,
  373, 317,
  373, 318,
  373, 319,
  373, 320,
  373, 321,
  373, 322,
  373, 323,
  373, 324,
  373, 325,
  373, 326,
  373, 327,
  373, 328,
  373, 329,
  373, 330,
  373, 331,
  373, 332,
  373, 333,
  373, 334,
  373, 335,
  373, 336,
  373, 337,
  373, 338,
  373, 339,
  373, 340,
  373, 341,
  373, 342,
  373, 343,
  373, 344,
  373, 345,
  373, 346,
  373, 347,
  373, 348,
  373, 349,
  373, 350,
  373, 351,
  373, 352,
  373, 353,
  373, 354,
  373, 355,
  373, 356,
  373, 357,
  373, 358,
  373, 359,
  373, 360,
  372, 361,
  372, 362,
  372, 363,
  372, 364,
  372, 365,
  372, 366,
  372, 367,
  372, 368,
  372, 369,
  372, 370,
  372, 371,
  372, 372,
  372, 373,
  372, 374,
  372, 375,
  372, 376,
  372, 377,
  372, 378,
  372, 379,
  372, 380,
  372, 381,
  372, 382,
  371, 383,
  371, 384,
  371, 385,
  371, 386,
  371, 387,
  371, 388,
  371, 389,
  371, 390,
  371, 391,
  371, 392,
  371, 393,
  371, 394,
  371, 395,
  370, 396,
  370, 397,
  370, 398,
  370, 399,
  369, 400,
  369, 401,
  369, 402,
  369, 403,
  368, 404,
  368, 405,
  367, 406,
  367, 407,
  367, 408,
  366, 409,
  366, 410,
  365, 411,
  365, 412,
  364, 413,
  363, 414,
  363, 415,
  362, 416,
  361, 417,
  361, 418,
  360, 419,
  360, 420,
  359, 421,
  359, 422,
  358, 423,
  358, 424,
  357, 425,
  356, 426,
  356, 427,
  356, 428,
  355, 429,
  354, 430,
  354, 431,
  354, 432,
  353, 433,
  353, 434,
  353, 435,
  352, 436,
  352, 437,
  351, 438,
  351, 439,
  351, 440,
  351, 441,
  350, 442,
  350, 443,
  349, 444,
  349, 445,
  349, 446,
  348, 447,
  348, 448,
  347, 449,
  346, 450,
  346, 451,
  346, 452,
  345, 453,
  344, 454,
  343, 455,
  343, 456,
  342, 457,
  341, 457,
  340, 458,
  339, 459,
  338, 459,
  337, 460,
  336, 461,
  335, 462,
  334, 462,
  333, 463,
  332, 463,
  331, 463,
  330, 464,
  329, 464,
  328, 465,
  327, 465,
  326, 466,
  325, 466,
  324, 466,
  323, 466,
  322, 467,
  321, 467,
  320, 467,
  319, 468,
  318, 468,
  317, 468,
  316, 468,
  315, 469,
  314, 469,
  313, 469,
  312, 469,
  311, 469,
  310, 469,
  309, 470,
  308, 470,
  307, 470,
  306, 470,
  305, 470,
  304, 470,
  303, 470,
  302, 470,
  301, 471,
  300, 471,
  299, 471,
  298, 471,
  297, 471,
  296, 471,
  295, 471,
  294, 471,
  293, 471,
  292, 471,
  291, 471,
  290, 471,
  289, 471,
  288, 471,
  287, 471,
  286, 470,
  285, 470,
  284, 470,
  283, 470,
  282, 470,
  281, 470,
  280, 470,
  279, 470,
  278, 470,
  277, 470,
  276, 470,
  275, 470,
  274, 469,
  273, 469,
  272, 469,
  271, 469,
  270, 469,
  269, 469,
  268, 469,
  267, 469,
  266, 469,
  265, 468,
  264, 468,
  263, 468,
  262, 468,
  261, 468,
  260, 467,
  259, 467,
  258, 467,
  257, 466,
  256, 466,
  255, 466,
  254, 466,
  253, 465,
  252, 465,
  251, 464,
  250, 464,
  249, 463,
  248, 463,
  247, 463,
  246, 462,
  245, 462,
  244, 461,
  243, 461,
  242, 460,
  241, 460,
  240, 459,
  239, 458,
  238, 458,
  237, 457,
  236, 456,
  235, 455,
  234, 455,
  233, 454,
  232, 454,
  231, 453,
  231, 452,
  230, 451,
  229, 451,
  228, 450,
  227, 449,
  226, 448,
  225, 447,
  224, 446,
  223, 445,
  222, 444,
  221, 443,
  220, 443,
  219, 442,
  219, 441,
  218, 440,
  217, 439,
  216, 438,
  215, 437,
  214, 436,
  213, 435,
  212, 434,
  211, 433,
  210, 432,
  209, 431,
  208, 431,
  207, 430,
  207, 429,
  206, 428,
  205, 428,
  204, 427,
  203, 426,
  202, 425,
  201, 425,
  200, 424,
  200, 423,
  199, 423,
  198, 422,
  197, 421,
  196, 420,
  195, 419,
  194, 418,
  193, 418,
  192, 417,
  191, 416,
  190, 415,
  189, 415,
  188, 414,
  187, 413,
  186, 412,
  185, 411,
  184, 411,
  183, 410,
  182, 409,
  181, 409,
  180, 408,
  179, 407,
  178, 406,
  177, 406,
  176, 405,
  175, 404,
  174, 403,
  173, 403,
  172, 402,
  171, 402,
  170, 401,
  169, 401,
  168, 400,
  167, 400,
  166, 399,
  165, 399,
  164, 398,
  163, 398,
  162, 397,
  161, 397,
  160, 397,
  159, 396,
  158, 396,
  157, 396,
  156, 395,
  155, 395,
  154, 395,
  153, 394,
  152, 394,
  151, 394,
  150, 393,
  149, 393,
  148, 393,
  147, 393,
  146, 392,
  145, 392,
  144, 392,
  143, 392,
  142, 392,
  141, 391,
  140, 391,
  139, 391,
  138, 391,
  137, 391,
  136, 391,
  135, 391,
  134, 391,
  133, 391,
  132, 391,
  131, 391,
  130, 390,
  129, 390,
  128, 390,
  127, 390,
  126, 390,
  125, 390,
  124, 390,
  123, 390,
  122, 390,
  121, 390,
  120, 390,
  119, 390,
  118, 390,
  117, 390,
  116, 390,
  115, 390,
  114, 390,
  113, 390,
  112, 391,
  111, 391,
  110, 391,
  109, 391,
  108, 391,
  107, 391,
  106, 391,
  105, 391,
  104, 391,
  103, 391,
  102, 391,
  101, 391,
  100, 392,
   99, 392,
   98, 392,
   97, 392,
   96, 393,
   95, 393,
   94, 393,
   93, 393,
   92, 394,
   91, 394,
   90, 394,
   89, 394,
   88, 395,
   87, 395,
   86, 395,
   85, 396,
   84, 396,
   83, 396,
   82, 396,
   81, 397,
   80, 397,
   79, 398,
   78, 398,
   77, 399,
   76, 399,
   75, 399,
   74, 400,
   73, 400,
   72, 401,
   71, 401,
   70, 402,
   69, 402,
   68, 403,
   67, 403,
   66, 404,
   65, 404,
   64, 405,
   63, 405,
   62, 406,
   61, 407,
   60, 407,
   59, 407,
   58, 408,
   57, 409,
   56, 410,
   55, 410,
   54, 411,
   53, 412,
   52, 412,
   51, 413,
   50, 413,
   50, 414,
   49, 415,
   48, 415,
   47, 416,
   46, 417,
   45, 418,
   44, 418,
   43, 419,
   43, 420,
   42, 421,
   41, 421,
   40, 422,
   39, 423,
   38, 424,
   37, 425,
   36, 426,
   35, 427,
   34, 428,
   33, 429,
   32, 430,
   31, 431,
   31, 432,
   30, 433,
   29, 434,
   28, 435,
   28, 436,
   27, 437,
   27, 438,
   26, 439,
   26, 440,
   25, 441,
   25, 442,
   25, 443,
   24, 444,
   24, 445,
   24, 446,
   23, 447,
   23, 448,
   23, 449,
   23, 450,
   23, 451,
   22, 452,
   22, 453,
   22, 454,
   21, 455,
   21, 456,
   21, 457,
   21, 458,
   20, 459,
   20, 460,
   20, 461,
   19, 462,
   19, 463,
   19, 464,
   18, 465,
   18, 466,
   17, 467,
   17, 468,
   16, 469,
   16, 470,
   15, 471,
   15, 472,
   15, 473,
   14, 474,
   14, 475,
   13, 476,
   13, 477,
   12, 478,
   12, 479,
   11, 480,
   11, 481,
   10, 482,
   10, 483,
   10, 484,
    9, 485,
    9, 486,
    8, 487,
    8, 488,
    8, 489,
    7, 490,
    7, 491,
    7, 492,
    6, 493,
    6, 494,
    5, 495,
    5, 496,
    5, 497,
    5, 498,
    4, 499,
    4, 500,
    4, 501,
    4, 502,
    3, 503,
    3, 504,
    3, 505,
    3, 506,
    2, 507,
    2, 508,
    2, 509,
    2, 510,
    2, 511,
    1, 512,
    1, 513,
    1, 514,
    1, 515,
    1, 516,
    1, 517,
    1, 518,
    1, 519,
    1, 520,
    1, 521,
    1, 522,
    1, 523,
    1, 524,
    1, 525,
    1, 526,
    1, 527,
    1, 528,
    1, 529,
    1, 530,
    1, 531,
    1, 532,
    1, 533,
    1, 534,
    1, 535,
    1, 536,
    1, 537,
    1, 538,
    1, 539,
    1, 540,
    1, 541,
    1, 542,
    1, 543,
    1, 544,
    1, 545,
    1, 546,
    1, 547,
    1, 548,
    1, 549,
    1, 550,
    1, 551,
    1, 552,
    0, 553,
    0, 554,
    0, 555,
    0, 556,
    0, 557,
    0, 558,
    0, 559,
    0, 560,
    0, 561,
    0, 562,
    0, 563,
    0, 564,
    0, 565,
    0, 566,
    0, 567,
    0, 568,
    0, 569,
    0, 570,
    0, 571,
    0, 572,
    0, 573,
    0, 574,
    1, 575,
    1, 576,
    1, 577,
    1, 578,
    1, 579,
    1, 580,
    1, 581,
    1, 582,
    1, 583,
    2, 584,
    2, 585,
    2, 586,
    2, 587,
    2, 588,
    2, 589,
    2, 590,
    3, 591,
    3, 592,
    3, 593,
    3, 594,
    3, 595,
    4, 596,
    4, 597,
    4, 598,
    4, 599,
    4, 600,
    5, 601,
    5, 602,
    5, 603,
    5, 604,
    6, 605,
    6, 606,
    7, 607,
    7, 608,
    7, 609,
    8, 610,
    8, 611,
    9, 612,
    9, 613,
   10, 614,
   11, 615,
   11, 616,
   12, 617,
   12, 618,
   13, 619,
   14, 620,
   14, 621,
   15, 622,
   15, 623,
   16, 624,
   17, 625,
   17, 626,
   18, 627,
   19, 628,
   19, 629,
   19, 630,
   20, 631,
   20, 632,
   21, 633,
   21, 634,
   22, 635,
   23, 636,
   23, 637,
   23, 638,
   24, 639,
   24, 640,
   25, 641,
   26, 642,
   26, 643,
   26, 644,
   26, 645,
   27, 646,
   27, 647,
   28, 648,
   28, 649,
   28, 650,
   28, 651,
   29, 652,
   29, 653,
   29, 654,
   30, 655,
   30, 656,
   31, 657,
   31, 658,
   31, 659,
   31, 660,
   32, 661,
   32, 662,
   32, 663,
   32, 664,
   33, 665,
   33, 666,
   34, 667,
   34, 668,
   34, 669,
   34, 670,
   35, 671,
   36, 672,
   36, 673,
   36, 674,
   37, 675,
   38, 676,
   38, 677,
   39, 678,
   39, 679,
   40, 680,
   41, 681,
   41, 682,
   42, 683,
   43, 684,
   44, 685,
   44, 686,
   45, 687,
   46, 688,
   47, 689,
   48, 690,
   49, 691,
   50, 691,
   51, 692,
   51, 693,
   52, 693,
   53, 694,
   54, 695,
   55, 696,
   56, 696,
   57, 697,
   58, 698,
   59, 699,
   60, 700,
   61, 700,
   62, 701,
   63, 701,
   64, 702,
   65, 703,
   66, 703,
   67, 704,
   68, 704,
   69, 705,
   70, 706,
   71, 706,
   72, 706,
   73, 707,
   74, 707,
   75, 708,
   76, 708,
   77, 709,
   78, 709,
   79, 710,
   80, 710,
   81, 710,
   82, 711,
   83, 711,
   84, 711,
   85, 711,
   86, 712,
   87, 712,
   88, 712,
   89, 713,
   90, 713,
   91, 713,
   92, 714,
   93, 714,
   94, 714,
   95, 714,
   96, 714,
   97, 715,
   98, 715,
   99, 715,
  100, 715,
  101, 716,
  102, 716,
  103, 716,
  104, 716,
  105, 716,
  106, 716,
  107, 716,
  108, 716,
  109, 716,
  110, 716,
  111, 717,
  112, 717,
  113, 717,
  114, 717,
  115, 717,
  116, 717,
  117, 717,
  118, 717,
  119, 717,
  120, 717,
  121, 717,
  122, 717,
  123, 717,
  124, 717,
  125, 717,
  126, 717,
  127, 717,
  128, 717,
  129, 717,
  130, 716,
  131, 716,
  132, 716,
  133, 716,
  134, 716,
  135, 716,
  136, 716,
  137, 716,
  138, 716,
  139, 716,
  140, 716,
  141, 716,
  142, 715,
  143, 715,
  144, 715,
  145, 715,
  146, 715,
  147, 715,
  148, 714,
  149, 714,
  150, 714,
  151, 714,
  152, 714,
  153, 713,
  154, 713,
  155, 713,
  156, 712,
  157, 712,
  158, 712,
  159, 712,
  160, 712,
  161, 711,
  162, 711,
  163, 711,
  164, 710,
  165, 710,
  166, 710,
  167, 710,
  168, 709,
  169, 709,
  170, 709,
  171, 708,
  172, 708,
  173, 708,
  174, 708,
  175, 707,
  176, 706,
  177, 706,
  178, 706,
  179, 706,
  180, 705,
  181, 704,
  182, 704,
  183, 703,
  184, 703,
  185, 702,
  186, 702,
  187, 701,
  188, 701,
  189, 700,
  190, 700,
  191, 699,
  192, 698,
  193, 698,
  194, 698,
  195, 697,
  196, 696,
  197, 695,
  198, 695,
  199, 694,
  200, 693,
  201, 693,
  202, 692,
  203, 691,
  204, 690,
  205, 690,
  206, 689,
  207, 689,
  208, 688,
  209, 687,
  210, 686,
  211, 686,
  212, 685,
  213, 684,
  214, 684,
  215, 683,
  216, 682,
  216, 681,
  217, 680,
  218, 680,
  219, 679,
  220, 678,
  221, 677,
  222, 676,
  223, 675,
  224, 674,
  225, 673,
  226, 673,
  226, 672,
  227, 671,
  228, 670,
  229, 669,
  230, 668,
  231, 667,
  232, 666,
  233, 665,
  234, 664,
  235, 663,
  236, 662,
  237, 661,
  238, 660,
  239, 659,
  240, 659,
  241, 658,
  242, 657,
  243, 656,
  244, 655,
  245, 655,
  246, 654,
  247, 653,
  248, 652,
  249, 652,
  250, 652,
  251, 651,
  252, 651,
  253, 650,
  254, 650,
  255, 650,
  256, 650,
  257, 650,
  258, 650,
  259, 650,
  260, 650,
  261, 649,
  262, 649,
  263, 650,
  264, 650,
  265, 649,
  266, 649,
  267, 650,
  268, 650,
  269, 650,
  270, 650,
  271, 650,
  272, 650,
  273, 650,
  274, 650,
  275, 650,
  276, 649,
  277, 649,
  278, 649,
  279, 649,
  280, 649,
  281, 648,
  282, 648,
  283, 648,
  284, 648,
  285, 648,
  286, 648,
  287, 647,
  288, 647,
  289, 647,
  290, 647,
  291, 647,
  292, 646,
  293, 646,
  294, 646,
  295, 646,
  296, 646,
  297, 646,
  298, 646,
  299, 646,
  300, 646,
  301, 646,
  302, 646,
  303, 646,
  304, 646,
  305, 646,
  306, 647,
  307, 647,
  308, 647,
  309, 647,
  310, 648,
  311, 648,
  312, 649,
  313, 649,
  314, 650,
  315, 650,
  316, 651,
  317, 651,
  318, 652,
  319, 653,
  320, 653,
  321, 654,
  322, 655,
  323, 656,
  324, 656,
  325, 657,
  326, 658,
  327, 659,
  328, 659,
  329, 660,
  330, 661,
  331, 662,
  332, 663,
  333, 664,
  334, 665,
  335, 666,
  336, 666,
  337, 667,
  338, 668,
  339, 669,
  339, 670,
  340, 671,
  341, 671,
  342, 672,
  343, 673,
  343, 674,
  344, 675,
  345, 675,
  346, 676,
  347, 677,
  347, 678,
  348, 678,
  349, 679,
  350, 680,
  351, 681,
  351, 682,
  352, 683,
  353, 683,
  354, 684,
  354, 685,
  355, 686,
  356, 686,
  357, 687,
  357, 688,
  358, 689,
  359, 690,
  359, 691,
  360, 692,
  361, 693,
  361, 694,
  362, 695,
  362, 696,
  363, 697,
  363, 698,
  363, 699,
  364, 700,
  364, 701,
  364, 702,
  364, 703,
  364, 704,
  364, 705,
  364, 706,
  364, 707,
  364, 708,
  364, 709,
  364, 710,
  364, 711,
  364, 712,
  364, 713,
  364, 714,
  364, 715,
  364, 716,
  364, 717,
  364, 718,
  364, 719,
  364, 720,
  364, 721,
  364, 722,
  364, 723,
  364, 724,
  364, 725,
  364, 726,
  364, 727,
  364, 728,
  364, 729,
  364, 730,
  364, 731,
  364, 732,
  364, 733,
  364, 734,
  364, 735,
  364, 736,
  364, 737,
  363, 738,
  363, 739,
  363, 740,
  363, 741,
  363, 742,
  363, 743,
  363, 744,
  363, 745,
  363, 746,
  363, 747,
  363, 748,
  362, 749,
  362, 750,
  362, 751,
  362, 752,
  362, 753,
  362, 754,
  362, 755,
  362, 756,
  362, 757,
  362, 758,
  361, 759,
  361, 760,
  361, 761,
  361, 762,
  361, 763,
  361, 764,
  361, 765,
  361, 766,
  361, 767,
  361, 768,
  361, 769,
  361, 770,
  361, 771,
  360, 772,
  360, 773,
  360, 774,
  360, 775,
  360, 776,
  360, 777,
  360, 778,
  360, 779,
  360, 780,
  360, 781,
  360, 782,
  360, 783,
  360, 784,
  360, 785,
  360, 786,
  360, 787,
  360, 788,
  359, 789,
  359, 790,
  359, 791,
  359, 792,
  359, 793,
  359, 794,
  359, 795,
  359, 796,
  359, 797,
  359, 798,
  359, 799,
  359, 800,
  359, 801,
  359, 802,
  358, 803,
  358, 804,
  358, 805,
  358, 806,
  358, 807,
  358, 808,
  358, 809,
  358, 810,
  358, 811,
  358, 812,
  358, 813,
  358, 814,
  358, 815,
  358, 816,
  357, 817,
  357, 818,
  357, 819,
  357, 820,
  357, 821,
  357, 822,
  357, 823,
  357, 824,
  357, 825,
  357, 826,
  357, 827,
  357, 828,
  357, 829,
  357, 830,
  357, 831,
  357, 832,
  356, 833,
  356, 834,
  356, 835,
  356, 836,
  356, 837,
  356, 838,
  356, 839,
  356, 840,
  356, 841,
  356, 842,
  356, 843,
  356, 844,
  356, 845,
  356, 846,
  356, 847,
  356, 848,
  356, 849,
  356, 850,
  356, 851,
  356, 852,
  355, 853,
  355, 854,
  355, 855,
  355, 856,
  355, 857,
  355, 858,
  355, 859,
  355, 860,
  355, 861,
  355, 862,
  354, 863,
  354, 864,
  354, 865,
  354, 866,
  354, 867,
  354, 868,
  354, 869,
  354, 870,
  353, 871,
  353, 872,
  353, 873,
  353, 874,
  353, 875,
  353, 876,
  353, 877,
  353, 878,
  353, 879,
  353, 880,
  353, 881,
  353, 882,
  353, 883,
  352, 884,
  352, 885,
  352, 886,
  352, 887,
  352, 888,
  352, 889,
  352, 890,
  352, 891,
  352, 892,
  352, 893,
  352, 894,
  352, 895,
  352, 896,
  351, 897,
  351, 898,
  351, 899,
  351, 900,
  351, 901,
  351, 902,
  351, 903,
  351, 904,
  351, 905,
  351, 906,
  351, 907,
  351, 908,
  351, 909,
  351, 910,
  351, 911,
  351, 912,
  351, 913,
  350, 914,
  350, 915,
  350, 916,
  350, 917,
  350, 918,
  350, 919,
  350, 920,
  350, 921,
  350, 922,
  350, 923,
  350, 924,
  350, 925,
  350, 926,
  350, 927,
  350, 928,
  349, 929,
  349, 930,
  349, 931,
  349, 932,
  349, 933,
  349, 934,
  349, 935,
  349, 936,
  349, 937,
  349, 938,
  348, 939,
  348, 940,
  348, 941,
  348, 942,
  348, 943,
  348, 944,
  348, 945,
  348, 946,
  348, 947,
  347, 948,
  347, 949,
  347, 950,
  347, 951,
  347, 952,
  347, 953,
  347, 954,
  347, 955,
  347, 956,
  347, 957,
  347, 958,
  347, 959,
  347, 960,
  346, 961,
  346, 962,
  346, 963,
  346, 964,
  346, 965,
  346, 966,
  346, 967,
  346, 968,
  346, 969,
  346, 970,
  346, 971,
  346, 972,
  346, 973,
  346, 974,
  346, 975,
  346, 976,
  345, 977,
  345, 978,
  345, 979,
  345, 980,
  345, 981,
  345, 982,
  345, 983,
  345, 984,
  345, 985,
  345, 986,
  345, 987,
  345, 988,
  345, 989,
  345, 990,
  345, 991,
  345, 992,
  344, 993,
  344, 994,
  344, 995,
  344, 996,
  344, 997,
  344, 998,
  344, 999,
  344,1000,
  344,1001,
  344,1002,
  344,1003,
  343,1004,
  343,1005,
  343,1006,
  343,1007,
  343,1008,
  343,1009,
  343,1010,
  343,1011,
  343,1012,
  343,1013,
  343,1014,
  343,1015,
  343,1016,
  343,1017,
  343,1018,
  343,1019,
  343,1020,
  343,1021,
  343,1022,
  342,1023,
  342,1024,
  342,1025,
  342,1026,
  342,1027,
  342,1028,
  342,1029,
  342,1030,
  342,1031,
  342,1032,
  342,1033,
  342,1034,
  342,1035,
  342,1036,
  342,1037,
  342,1038,
  342,1039,
  342,1040,
  343,1041,
  343,1042,
  343,1043,
  343,1044,
  343,1045,
  343,1046,
  343,1047,
  343,1048,
  343,1049,
  343,1050,
  343,1051,
  344,1052,
  344,1053,
  344,1054,
  344,1055,
  344,1056,
  344,1057,
  344,1058,
  344,1059,
  345,1060,
  345,1061,
  345,1062,
  345,1063,
  345,1064,
  345,1065,
  345,1066,
  344,1067,
  344,1068,
  344,1069,
  344,1070,
  344,1071,
  344,1072,
  343,1073,
  343,1074,
  343,1075,
  342,1076,
  342,1077,
  342,1078,
  341,1079,
  341,1080,
  341,1081,
  340,1082,
  340,1083,
  340,1084,
  340,1085,
  340,1086,
  339,1087,
  339,1088,
  339,1089,
  339,1090,
  338,1091,
  338,1092,
  338,1093,
  338,1094,
  338,1095,
  338,1096,
  338,1097,
  338,1098,
  337,1099,
  337,1100,
  337,1101,
  337,1102,
  337,1103,
  337,1104,
  337,1105,
  337,1106,
  337,1107,
  337,1108,
  337,1109,
  337,1110,
  337,1111,
  338,1112,
  338,1113,
  338,1114,
  338,1115,
  339,1116,
  339,1117,
  340,1118,
  340,1119,
  340,1120,
  341,1121,
  342,1122,
  343,1123,
  344,1124,
  345,1125,
  346,1125,
  347,1126,
  348,1126,
  349,1127,
  350,1127,
  351,1127,
  352,1127,
  353,1128,
  354,1128,
  355,1128,
  356,1128,
  357,1128,
  358,1128,
  359,1128,
  360,1128,
  361,1129,
  362,1129,
  363,1129,
  364,1129,
  365,1129,
  366,1129,
  367,1129,
  368,1129,
  369,1129,
  370,1129,
  371,1129,
  372,1129,
  373,1129,
  374,1129,
  375,1129,
  376,1129,
  377,1129,
  378,1129,
  379,1129,
  380,1129,
  381,1129,
  382,1129,
  383,1129,
  384,1129,
  385,1129,
  386,1129,
  387,1129,
  388,1129,
  389,1129,
  390,1129,
  391,1129,
  392,1129,
  393,1129,
  394,1129,
  395,1129,
  396,1129,
  397,1129,
  398,1129,
  399,1129,
  400,1129,
  401,1129,
  402,1129,
  403,1129,
  404,1129,
  405,1129,
  406,1129,
  407,1129,
  408,1129,
  409,1129,
  410,1129,
  411,1129,
  412,1129,
  413,1129,
  414,1129,
  415,1129,
  416,1129,
  417,1129,
  418,1129,
  419,1129,
  420,1129,
  421,1129,
  422,1129,
  423,1129,
  424,1129,
  425,1129,
  426,1129,
  427,1129,
  428,1130,
  429,1130,
  430,1130,
  431,1130,
  432,1130,
  433,1130,
  434,1130,
  435,1130,
  436,1130,
  437,1130,
  438,1130,
  439,1130,
  440,1130,
  441,1130,
  442,1130,
  443,1130,
  444,1130,
  445,1130,
  446,1130,
  447,1130,
  448,1130,
  449,1130,
  450,1130,
  451,1130,
  452,1130,
  453,1130,
  454,1130,
  455,1130,
  456,1130,
  457,1130,
  458,1130,
  459,1130,
  460,1130,
  461,1130,
  462,1130,
  463,1130,
  464,1130,
  465,1130,
  466,1130,
  467,1130,
  468,1130,
  469,1130,
  470,1130,
  471,1130,
  472,1130,
  473,1130,
  474,1130,
  475,1130,
  476,1130,
  477,1130,
  478,1130,
  479,1130,
  480,1130,
  481,1130,
  482,1130,
  483,1130,
  484,1130,
  485,1130,
  486,1130,
  487,1131,
  488,1131,
  489,1131,
  490,1131,
  491,1131,
  492,1131,
  493,1132,
  494,1132,
  495,1132,
  496,1132,
  497,1132,
  498,1132,
  499,1132,
  500,1132,
  501,1132,
  502,1132,
  503,1132,
  504,1132,
  505,1133,
  506,1133,
  507,1133,
  508,1133,
  509,1133,
  510,1133,
  511,1133,
  512,1133,
  513,1133,
  514,1133,
  515,1133,
  516,1133,
  517,1133,
  518,1133,
  519,1133,
  520,1133,
  521,1132,
  522,1132,
  523,1132,
  524,1132,
  525,1132,
  526,1132,
  527,1132,
  528,1132,
  529,1132,
  530,1132,
  531,1132,
  532,1132,
  533,1131,
  534,1131,
  535,1131,
  536,1131,
  537,1131,
  538,1131,
  539,1131,
  540,1131,
  541,1131,
  542,1131,
  543,1131,
  544,1131,
  545,1131,
  546,1131,
  547,1131,
  548,1131,
  549,1131,
  550,1131,
  551,1131,
  552,1131,
  553,1131,
  554,1131,
  555,1131,
  556,1131,
  557,1131,
  558,1131,
  559,1131,
  560,1131,
  561,1131,
  562,1131,
  563,1132,
  564,1132,
  565,1132,
  566,1132,
  567,1132,
  568,1132,
  569,1132,
  570,1133,
  571,1133,
  572,1133,
  573,1133,
  574,1134,
  575,1134,
  576,1134,
  577,1134,
  578,1135,
  579,1135,
  580,1135,
  581,1135,
  582,1135,
  583,1136,
  584,1136,
  585,1136,
  586,1136,
  587,1136,
  588,1136,
  589,1137,
  590,1137,
  591,1137,
  592,1137,
  593,1137,
  594,1137,
  595,1137,
  596,1137,
  597,1137,
  598,1138,
  599,1138,
  600,1138,
  601,1138,
  602,1138,
  603,1138,
  604,1138,
  605,1138,
  606,1138,
  607,1138,
  608,1138,
  609,1138,
  610,1138,
  611,1138,
  612,1138,
  613,1138,
  614,1138,
  615,1138,
  616,1138,
  617,1138,
  618,1138,
  619,1138,
  620,1138,
  621,1138,
  622,1138,
  623,1138,
  624,1138,
  625,1138,
  626,1138,
  627,1138,
  628,1138,
  629,1138,
  630,1138,
  631,1138,
  632,1138,
  633,1138,
  634,1138,
  635,1137,
  636,1137,
  637,1137,
  638,1137,
  639,1137,
  640,1137,
  641,1136,
  642,1136,
  643,1136,
  644,1136,
  645,1135,
  646,1135,
  647,1135,
  648,1134,
  649,1134,
  650,1134,
  651,1133,
  652,1133,
  653,1132,
  654,1132,
  655,1132,
  656,1132,
  657,1131,
  658,1130,
  659,1130,
  660,1129,
  661,1129,
  662,1128,
  663,1128,
  664,1127,
  665,1126,
  666,1126,
  667,1125,
  668,1125,
  669,1124,
  670,1123,
  671,1122,
  672,1122,
  672,1121,
  673,1120,
  674,1120,
  675,1119,
  676,1118,
  677,1117,
  678,1116,
  679,1115,
  680,1114,
  680,1113,
  681,1112,
  682,1111,
  683,1110,
  684,1109,
  685,1108,
  686,1107,
  686,1106,
  687,1105,
  688,1104,
  689,1103,
  689,1102,
  690,1101,
  690,1100,
  690,1099,
  691,1098,
  691,1097,
  692,1096,
  692,1095,
  693,1094,
  693,1093,
  693,1092,
  694,1091,
  694,1090,
  694,1089,
  694,1088,
  695,1087,
  695,1086,
  695,1085,
  695,1084,
  695,1083,
  696,1082,
  696,1081,
  696,1080,
  696,1079,
  696,1078,
  696,1077,
  696,1076,
  696,1075,
  696,1074,
  696,1073,
  696,1072,
  696,1071,
  695,1070,
  695,1069,
  695,1068,
  695,1067,
  695,1066,
  695,1065,
  695,1064,
  695,1063,
  694,1062,
  694,1061,
  694,1060,
  694,1059,
  694,1058,
  694,1057,
  693,1056,
  693,1055,
  693,1054,
  693,1053,
  693,1052,
  692,1051,
  692,1050,
  691,1049,
  691,1048,
  691,1047,
  690,1046,
  690,1045,
  690,1044,
  689,1043,
  688,1042,
  688,1041,
  688,1040,
  687,1039,
  686,1038,
  685,1037,
  685,1036,
  684,1035,
  684,1034,
  683,1033,
  682,1032,
  682,1031,
  681,1030,
  680,1029,
  679,1028,
  679,1027,
  678,1027,
  677,1026,
  676,1025,
  676,1024,
  675,1023,
  674,1022,
  673,1021,
  672,1020,
  671,1019,
  671,1018,
  670,1017,
  669,1016,
  668,1015,
  667,1014,
  666,1013,
  666,1012,
  665,1011,
  664,1010,
  663,1009,
  662,1008,
  662,1007,
  661,1006,
  660,1005,
  659,1004,
  658,1003,
  657,1002,
  656,1001,
  656,1000,
  655, 999,
  654, 998,
  653, 997,
  652, 996,
  652, 995,
  651, 994,
  650, 993,
  649, 992,
  649, 991,
  648, 990,
  647, 989,
  647, 988,
  646, 987,
  645, 986,
  644, 985,
  644, 984,
  644, 983,
  643, 982,
  642, 981,
  642, 980,
  641, 979,
  641, 978,
  641, 977,
  640, 976,
  640, 975,
  639, 974,
  639, 973,
  638, 972,
  638, 971,
  638, 970,
  637, 969,
  637, 968,
  637, 967,
  636, 966,
  636, 965,
  636, 964,
  636, 963,
  635, 962,
  635, 961,
  635, 960,
  634, 959,
  634, 958,
  634, 957,
  634, 956,
  633, 955,
  633, 954,
  633, 953,
  632, 952,
  632, 951,
  632, 950,
  631, 949,
  631, 948,
  631, 947,
  631, 946,
  630, 945,
  630, 944,
  630, 943,
  629, 942,
  629, 941,
  629, 940,
  629, 939,
  628, 938,
  628, 937,
  628, 936,
  628, 935,
  627, 934,
  627, 933,
  627, 932,
  627, 931,
  626, 930,
  626, 929,
  626, 928,
  626, 927,
  626, 926,
  625, 925,
  625, 924,
  625, 923,
  625, 922,
  625, 921,
  624, 920,
  624, 919,
  624, 918,
  624, 917,
  624, 916,
  624, 915,
  623, 914,
  623, 913,
  623, 912,
  623, 911,
  623, 910,
  623, 909,
  623, 908,
  622, 907,
  622, 906,
  622, 905,
  622, 904,
  622, 903,
  622, 902,
  622, 901,
  622, 900,
  622, 899,
  622, 898,
  622, 897,
  622, 896,
  622, 895,
  622, 894,
  622, 893,
  622, 892,
  623, 891,
  623, 890,
  623, 889,
  623, 888,
  624, 887,
  624, 886,
  624, 885,
  625, 884,
  626, 883,
  626, 882,
  626, 881,
  626, 880,
  627, 879,
  628, 878,
  628, 877,
  628, 876,
  629, 875,
  630, 874,
  630, 873,
  630, 872,
  631, 871,
  631, 870,
  632, 869,
  632, 868,
  633, 867,
  633, 866,
  634, 865,
  634, 864,
  634, 863,
  635, 862,
  635, 861,
  636, 860,
  636, 859,
  636, 858,
  637, 857,
  637, 856,
  638, 855,
  638, 854,
  639, 853,
  639, 852,
  640, 851,
  640, 850,
  641, 849,
  641, 848,
  642, 847,
  642, 846,
  643, 845,
  643, 844,
  644, 843,
  645, 842,
  645, 841,
  645, 840,
  646, 839,
  647, 838,
  647, 837,
  648, 836,
  648, 835,
  649, 834,
  649, 833,
  650, 832,
  650, 831,
  651, 830,
  652, 829,
  652, 828,
  653, 827,
  653, 826,
  654, 825,
  654, 824,
  655, 823,
  656, 822,
  656, 821,
  657, 820,
  658, 819,
  658, 818,
  659, 817,
  659, 816,
  660, 815,
  661, 814,
  662, 813,
  663, 812,
  664, 811,
  665, 810,
  666, 809,
  667, 808,
  667, 807,
  668, 806,
  669, 806,
  670, 805,
  670, 804,
  671, 803,
  672, 803,
  673, 802,
  674, 801,
  675, 800,
  676, 799,
  677, 798,
  678, 798,
  679, 797,
  680, 796,
  681, 795,
  682, 794,
  683, 794,
  684, 793,
  685, 792,
  686, 792,
  687, 791,
  688, 791,
  689, 790,
  690, 789,
  691, 789,
  692, 788,
  693, 788,
  694, 787,
  695, 787,
  696, 786,
  697, 786,
  698, 786,
  699, 786,
  700, 785,
  701, 785,
  702, 784,
  703, 784,
  704, 783,
  705, 783,
  706, 782,
  707, 782,
  708, 782,
  709, 781,
  710, 781,
  711, 780,
  712, 780,
  713, 780,
  714, 779,
  715, 779,
  716, 778,
  717, 778,
  718, 778,
  719, 777,
  720, 777,
  721, 776,
  722, 776,
  723, 776,
  724, 775,
  725, 775,
  726, 775,
  727, 774,
  728, 774,
  729, 773,
  730, 773,
  731, 773,
  732, 772,
  733, 772,
  734, 772,
  735, 772,
  736, 771,
  737, 771,
  738, 771,
  739, 770,
  740, 770,
  741, 770,
  742, 769,
  743, 769,
  744, 769,
  745, 769,
  746, 769,
  747, 768,
  748, 768,
  749, 768,
  750, 768,
  751, 768,
  752, 767,
  753, 767,
  754, 767,
  755, 767,
  756, 767,
  757, 767,
  758, 767,
  759, 767,
  760, 766,
  761, 767,
  762, 767,
  763, 767,
  764, 767,
  765, 767,
  766, 767,
  767, 767,
  768, 767,
  769, 767,
  770, 767,
  771, 767,
  772, 767,
  773, 767,
  774, 767,
  775, 767,
  776, 768,
  777, 768,
  778, 768,
  779, 768,
  780, 768,
  781, 768,
  782, 768,
  783, 768,
  784, 768,
  785, 768,
  786, 768,
  787, 768,
  788, 768,
  789, 769,
  790, 769,
  791, 769,
  792, 769,
  793, 769,
  794, 769,
  795, 769,
  796, 769,
  797, 769,
  798, 769,
  799, 769,
  800, 769,
  801, 769,
  802, 769,
  803, 769,
  804, 769,
  805, 769,
  806, 769,
  807, 769,
  808, 769,
  809, 769,
  810, 769,
  811, 770,
  812, 770,
  813, 770,
  814, 770,
  815, 770,
  816, 771,
  817, 771,
  818, 771,
  819, 772,
  820, 772,
  821, 772,
  822, 772,
  823, 773,
  824, 773,
  825, 773,
  826, 774,
  827, 774,
  828, 774,
  829, 774,
  830, 775,
  831, 775,
  832, 775,
  833, 775,
  834, 776,
  835, 776,
  836, 776,
  837, 776,
  838, 777,
  839, 777,
  840, 777,
  841, 777,
  842, 778,
  843, 778,
  844, 778,
  845, 778,
  846, 779,
  847, 779,
  848, 779,
  849, 780,
  850, 780,
  851, 780,
  852, 780,
  853, 780,
  854, 780,
  855, 781,
  856, 781,
  857, 781,
  858, 781,
  859, 782,
  860, 782,
  861, 782,
  862, 782,
  863, 782,
  864, 783,
  865, 783,
  866, 783,
  867, 784,
  868, 784,
  869, 784,
  870, 784,
  871, 784,
  872, 785,
  873, 785,
  874, 786,
  875, 786,
  876, 786,
  877, 786,
  878, 787,
  879, 787,
  880, 788,
  881, 788,
  882, 789,
  883, 790,
  884, 790,
  885, 790,
  886, 791,
  887, 792,
  888, 792,
  889, 793,
  890, 794,
  891, 795,
  892, 795,
  893, 796,
  894, 797,
  895, 797,
  896, 798,
  897, 799,
  898, 799,
  899, 800,
  900, 801,
  901, 802,
  902, 802,
  903, 803,
  904, 804,
  905, 805,
  906, 806,
  907, 807,
  908, 807,
  909, 808,
  910, 809,
  910, 810,
  911, 811,
  912, 811,
  913, 812,
  914, 813,
  914, 814,
  915, 815,
  916, 816,
  917, 816,
  918, 817,
  918, 818,
  919, 819,
  920, 820,
  921, 821,
  922, 822,
  923, 823,
  924, 824,
  925, 825,
  926, 826,
  926, 827,
  927, 828,
  928, 829,
  929, 830,
  930, 831,
  931, 832,
  932, 833,
  932, 834,
  933, 835,
  934, 836,
  935, 837,
  935, 838,
  936, 839,
  937, 840,
  937, 841,
  938, 842,
  939, 843,
  940, 844,
  941, 845,
  941, 846,
  942, 847,
  942, 848,
  943, 849,
  943, 850,
  944, 851,
  945, 852,
  945, 853,
  946, 854,
  946, 855,
  946, 856,
  947, 857,
  948, 858,
  948, 859,
  949, 860,
  949, 861,
  949, 862,
  950, 863,
  950, 864,
  951, 865,
  951, 866,
  951, 867,
  952, 868,
  952, 869,
  953, 870,
  953, 871,
  953, 872,
  954, 873,
  954, 874,
  954, 875,
  955, 876,
  955, 877,
  955, 878,
  956, 879,
  956, 880,
  956, 881,
  956, 882,
  957, 883,
  957, 884,
  957, 885,
  957, 886,
  957, 887,
  958, 888,
  958, 889,
  958, 890,
  958, 891,
  958, 892,
  959, 893,
  959, 894,
  959, 895,
  959, 896,
  959, 897,
  959, 898,
  959, 899,
  959, 900,
  960, 901,
  960, 902,
  960, 903,
  960, 904,
  960, 905,
  960, 906,
  960, 907,
  960, 908,
  960, 909,
  960, 910,
  960, 911,
  960, 912,
  960, 913,
  960, 914,
  960, 915,
  960, 916,
  960, 917,
  961, 918,
  961, 919,
  961, 920,
  961, 921,
  961, 922,
  961, 923,
  961, 924,
  961, 925,
  961, 926,
  962, 927,
  962, 928,
  962, 929,
  962, 930,
  962, 931,
  963, 932,
  963, 933,
  963, 934,
  963, 935,
  963, 936,
  964, 937,
  964, 938,
  964, 939,
  964, 940,
  964, 941,
  964, 942,
  964, 943,
  964, 944,
  964, 945,
  964, 946,
  964, 947,
  964, 948,
  964, 949,
  964, 950,
  964, 951,
  963, 952,
  963, 953,
  963, 954,
  962, 955,
  962, 956,
  962, 957,
  962, 958,
  961, 959,
  961, 960,
  961, 961,
  960, 962,
  959, 963,
  959, 964,
  959, 965,
  959, 966,
  958, 967,
  957, 968,
  957, 969,
  956, 970,
  956, 971,
  956, 972,
  955, 973,
  955, 974,
  954, 975,
  953, 976,
  953, 977,
  952, 978,
  951, 979,
  951, 980,
  951, 981,
  950, 982,
  949, 983,
  948, 984,
  948, 985,
  947, 986,
  946, 987,
  945, 988,
  945, 989,
  944, 990,
  943, 991,
  942, 992,
  941, 993,
  940, 994,
  939, 994,
  938, 995,
  937, 996,
  936, 996,
  935, 997,
  934, 997,
  933, 998,
  932, 999,
  931, 999,
  930, 999,
  929,1000,
  928,1001,
  927,1001,
  926,1001,
  925,1002,
  924,1002,
  923,1002,
  922,1003,
  921,1004,
  920,1004,
  919,1004,
  918,1005,
  917,1006,
  916,1007,
  915,1007,
  914,1008,
  913,1009,
  912,1009,
  912,1010,
  911,1011,
  910,1012,
  909,1012,
  908,1013,
  908,1014,
  907,1015,
  906,1016,
  905,1016,
  905,1017,
  904,1018,
  903,1018,
  902,1019,
  902,1020,
  901,1021,
  900,1022,
  899,1023,
  899,1024,
  898,1025,
  897,1026,
  897,1027,
  896,1028,
  895,1029,
  895,1030,
  894,1031,
  894,1032,
  893,1033,
  893,1034,
  893,1035,
  892,1036,
  892,1037,
  891,1038,
  891,1039,
  891,1040,
  890,1041,
  890,1042,
  890,1043,
  889,1044,
  889,1045,
  889,1046,
  889,1047,
  889,1048,
  888,1049,
  888,1050,
  888,1051,
  888,1052,
  888,1053,
  887,1054,
  887,1055,
  887,1056,
  887,1057,
  887,1058,
  887,1059,
  887,1060,
  887,1061,
  887,1062,
  887,1063,
  887,1064,
  886,1065,
  886,1066,
  886,1067,
  886,1068,
  886,1069,
  886,1070,
  886,1071,
  886,1072,
  886,1073,
  886,1074,
  886,1075,
  886,1076,
  886,1077,
  886,1078,
  886,1079,
  886,1080,
  886,1081,
  887,1082,
  887,1083,
  887,1084,
  887,1085,
  887,1086,
  887,1087,
  887,1088,
  887,1089,
  887,1090,
  887,1091,
  887,1092,
  888,1093,
  888,1094,
  888,1095,
  889,1096,
  889,1097,
  889,1098,
  890,1099,
  890,1100,
  890,1101,
  891,1102,
  891,1103,
  892,1104,
  892,1105,
  893,1106,
  894,1107,
  895,1108,
  895,1109,
  896,1110,
  897,1111,
  897,1112,
  898,1113,
  899,1114,
  900,1115,
  901,1116,
  901,1117,
  902,1117,
  903,1118,
  904,1119,
  904,1120,
  905,1121,
  906,1121,
  907,1122,
  908,1123,
  909,1124,
  910,1125,
  911,1125,
  912,1126,
  913,1127,
  914,1127,
  915,1128,
  916,1128,
  917,1129,
  918,1130,
  919,1130,
  920,1130,
  921,1131,
  922,1131,
  923,1132,
  924,1132,
  925,1132,
  926,1132,
  927,1133,
  928,1133,
  929,1134,
  930,1134,
  931,1134,
  932,1134,
  933,1134,
  934,1134,
  935,1135,
  936,1135,
  937,1135,
  938,1135,
  939,1136,
  940,1136,
  941,1136,
  942,1136,
  943,1136,
  944,1136,
  945,1136,
  946,1136,
  947,1136,
  948,1136,
  949,1136,
  950,1136,
  951,1136,
  952,1136,
  953,1137,
  954,1137,
  955,1137,
  956,1137,
  957,1137,
  958,1137,
  959,1137,
  960,1137,
  961,1137,
  962,1137,
  963,1137,
  964,1137,
  965,1137,
  966,1137,
  967,1137,
  968,1137,
  969,1137,
  970,1137,
  971,1137,
  972,1137,
  973,1137,
  974,1137,
  975,1137,
  976,1137,
  977,1137,
  978,1137,
  979,1137,
  980,1137,
  981,1137,
  982,1137,
  983,1137,
  984,1137,
  985,1137,
  986,1137,
  987,1137,
  988,1137,
  989,1137,
  990,1137,
  991,1137,
  992,1137,
  993,1137,
  994,1137,
  995,1137,
  996,1137,
  997,1137,
  998,1137,
  999,1137,
 1000,1137,
 1001,1137,
 1002,1137,
 1003,1137,
 1004,1137,
 1005,1137,
 1006,1137,
 1007,1137,
 1008,1137,
 1009,1137,
 1010,1137,
 1011,1137,
 1012,1137,
 1013,1137,
 1014,1137,
 1015,1137,
 1016,1137,
 1017,1137,
 1018,1137,
 1019,1137,
 1020,1137,
 1021,1137,
 1022,1137,
 1023,1137,
 1024,1137,
 1025,1138,
 1026,1138,
 1027,1138,
 1028,1138,
 1029,1138,
 1030,1138,
 1031,1138,
 1032,1138,
 1033,1138,
 1034,1138,
 1035,1138,
 1036,1138,
 1037,1138,
 1038,1138,
 1039,1138,
 1040,1138,
 1041,1138,
 1042,1138,
 1043,1138,
 1044,1138,
 1045,1138,
 1046,1138,
 1047,1138,
 1048,1138,
 1049,1139,
 1050,1139,
 1051,1139,
 1052,1139,
 1053,1139,
 1054,1139,
 1055,1139,
 1056,1139,
 1057,1139,
 1058,1139,
 1059,1139,
 1060,1139,
 1061,1139,
 1062,1139,
 1063,1139,
 1064,1139,
 1065,1139,
 1066,1139,
 1067,1139,
 1068,1139,
 1069,1139,
 1070,1139,
 1071,1139,
 1072,1139,
 1073,1139,
 1074,1139,
 1075,1139,
 1076,1139,
 1077,1139,
 1078,1139,
 1079,1139,
 1080,1139,
 1081,1139,
 1082,1139,
 1083,1139,
 1084,1139,
 1085,1139,
 1086,1139,
 1087,1139,
 1088,1139,
 1089,1139,
 1090,1139,
 1091,1139,
 1092,1139,
 1093,1139,
 1094,1139,
 1095,1139,
 1096,1139,
 1097,1139,
 1098,1139,
 1099,1139,
 1100,1139,
 1101,1139,
 1102,1139,
 1103,1139,
 1104,1139,
 1105,1139,
 1106,1139,
 1107,1139,
 1108,1139,
 1109,1139,
 1110,1139,
 1111,1139,
 1112,1139,
 1113,1139,
 1114,1139,
 1115,1139,
 1116,1139,
 1117,1139,
 1118,1139,
 1119,1139,
 1120,1139,
 1121,1139,
 1122,1139,
 1123,1139,
 1124,1139,
 1125,1139,
 1126,1139,
 1127,1139,
 1128,1139,
 1129,1139,
 1130,1139,
 1131,1139,
 1132,1139,
 1133,1139,
 1134,1139,
 1135,1139,
 1136,1139,
 1137,1139,
 1138,1139,
 1139,1139,
 1140,1139,
 1141,1139,
 1142,1139,
 1143,1139,
 1144,1139,
 1145,1139,
 1146,1140,
 1147,1140,
 1148,1140,
 1149,1140,
 1150,1140,
 1151,1140,
 1152,1140,
 1153,1140,
 1154,1140,
 1155,1140,
 1156,1140,
 1157,1140,
 1158,1140,
 1159,1140,
 1160,1140,
 1161,1140,
 1162,1140,
 1163,1140,
 1164,1140,
 1165,1141,
 1166,1141,
 1167,1141,
 1168,1141,
 1169,1141,
 1170,1141,
 1171,1141,
 1172,1141,
 1173,1141,
 1174,1141,
 1175,1141,
 1176,1141,
 1177,1141,
 1178,1141,
 1179,1141,
 1180,1141,
 1181,1141,
 1182,1141,
 1183,1141,
 1184,1141,
 1185,1141,
 1186,1141,
 1187,1141,
 1188,1141,
 1189,1141,
 1190,1141,
 1191,1141,
 1192,1141,
 1193,1141,
 1194,1141,
 1195,1141,
 1196,1141,
 1197,1141,
 1198,1141,
 1199,1141,
 1200,1141,
 1201,1141,
 1202,1141,
 1203,1141,
 1204,1141,
 1205,1141,
 1206,1141,
 1207,1141,
 1208,1141,
 1209,1141,
 1210,1141,
 1211,1141,
 1212,1141,
 1213,1141,
 1214,1141,
 1215,1141,
 1216,1141,
 1217,1141,
 1218,1141,
 1219,1141,
 1220,1141,
 1221,1141,
 1222,1141,
 1223,1141,
 1224,1141,
 1225,1140,
 1226,1140,
 1227,1139,
 1228,1139,
 1229,1139,
 1230,1138,
 1231,1137,
 1232,1137,
 1233,1136,
 1234,1135,
 1234,1134,
 1235,1133,
 1235,1132,
 1236,1131,
 1236,1130,
 1237,1129,
 1237,1128,
 1237,1127,
 1237,1126,
 1238,1125,
 1238,1124,
 1238,1123,
 1238,1122,
 1238,1121,
 1238,1120,
 1239,1119,
 1239,1118,
 1239,1117,
 1239,1116,
 1239,1115,
 1239,1114,
 1239,1113,
 1239,1112,
 1239,1111,
 1239,1110,
 1239,1109,
 1239,1108,
 1239,1107,
 1239,1106,
 1239,1105,
 1239,1104,
 1239,1103,
 1239,1102,
 1239,1101,
 1239,1100,
 1239,1099,
 1239,1098,
 1239,1097,
 1239,1096,
 1239,1095,
 1239,1094,
 1239,1093,
 1239,1092,
 1239,1091,
 1239,1090,
 1239,1089,
 1239,1088,
 1239,1087,
 1239,1086,
 1239,1085,
 1239,1084,
 1239,1083,
 1239,1082,
 1239,1081,
 1239,1080,
 1239,1079,
 1239,1078,
 1239,1077,
 1239,1076,
 1239,1075,
 1239,1074,
 1239,1073,
 1239,1072,
 1239,1071,
 1239,1070,
 1240,1069,
 1240,1068,
 1240,1067,
 1240,1066,
 1240,1065,
 1240,1064,
 1240,1063,
 1240,1062,
 1239,1061,
 1239,1060,
 1239,1059,
 1239,1058,
 1239,1057,
 1239,1056,
 1239,1055,
 1239,1054,
 1239,1053,
 1239,1052,
 1239,1051,
 1239,1050,
 1238,1049,
 1238,1048,
 1238,1047,
 1238,1046,
 1238,1045,
 1238,1044,
 1238,1043,
 1238,1042,
 1238,1041,
 1238,1040,
 1238,1039,
 1238,1038,
 1238,1037,
 1238,1036,
 1238,1035,
 1238,1034,
 1238,1033,
 1238,1032,
 1239,1031,
 1239,1030,
 1239,1029,
 1239,1028,
 1239,1027,
 1239,1026,
 1240,1025,
 1240,1024,
 1240,1023,
 1240,1022,
 1240,1021,
 1240,1020,
 1240,1019,
 1240,1018,
 1240,1017,
 1241,1016,
 1241,1015,
 1241,1014,
 1241,1013,
 1241,1012,
 1241,1011,
 1241,1010,
 1241,1009,
 1241,1008,
 1241,1007,
 1241,1006,
 1241,1005,
 1241,1004,
 1241,1003,
 1241,1002,
 1241,1001,
 1241,1000,
 1241, 999,
 1241, 998,
 1241, 997,
 1241, 996,
 1241, 995,
 1241, 994,
 1241, 993,
 1241, 992,
 1241, 991,
 1241, 990,
 1241, 989,
 1241, 988,
 1241, 987,
 1241, 986,
 1241, 985,
 1241, 984,
 1241, 983,
 1241, 982,
 1241, 981,
 1241, 980,
 1241, 979,
 1241, 978,
 1241, 977,
 1241, 976,
 1241, 975,
 1241, 974,
 1241, 973,
 1241, 972,
 1242, 971,
 1242, 970,
 1242, 969,
 1242, 968,
 1242, 967,
 1242, 966,
 1242, 965,
 1242, 964,
 1242, 963,
 1242, 962,
 1242, 961,
 1242, 960,
 1242, 959,
 1242, 958,
 1242, 957,
 1242, 956,
 1242, 955,
 1242, 954,
 1242, 953,
 1242, 952,
 1242, 951,
 1242, 950,
 1242, 949,
 1242, 948,
 1242, 947,
 1242, 946,
 1242, 945,
 1242, 944,
 1242, 943,
 1242, 942,
 1242, 941,
 1242, 940,
 1242, 939,
 1242, 938,
 1242, 937,
 1243, 936,
 1243, 935,
 1243, 934,
 1243, 933,
 1243, 932,
 1243, 931,
 1243, 930,
 1243, 929,
 1243, 928,
 1243, 927,
 1243, 926,
 1243, 925,
 1243, 924,
 1243, 923,
 1243, 922,
 1243, 921,
 1242, 920,
 1242, 919,
 1243, 918,
 1243, 917,
 1243, 916,
 1243, 915,
 1243, 914,
 1243, 913,
 1243, 912,
 1243, 911,
 1243, 910,
 1243, 909,
 1243, 908,
 1243, 907,
 1243, 906,
 1243, 905,
 1243, 904,
 1243, 903,
 1243, 902,
 1243, 901,
 1243, 900,
 1243, 899,
 1243, 898,
 1243, 897,
 1243, 896,
 1244, 895,
 1244, 894,
 1244, 893,
 1244, 892,
 1244, 891,
 1244, 890,
 1244, 889,
 1244, 888,
 1244, 887,
 1244, 886,
 1244, 885,
 1244, 884,
 1244, 883,
 1244, 882,
 1244, 881,
 1244, 880,
 1244, 879,
 1244, 878,
 1244, 877,
 1244, 876,
 1244, 875,
 1244, 874,
 1244, 873,
 1244, 872,
 1244, 871,
 1244, 870,
 1244, 869,
 1244, 868,
 1244, 867,
 1244, 866,
 1244, 865,
 1244, 864,
 1244, 863,
 1244, 862,
 1244, 861,
 1244, 860,
 1244, 859,
 1244, 858,
 1244, 857,
 1244, 856,
 1244, 855,
 1244, 854,
 1244, 853,
 1244, 852,
 1244, 851,
 1244, 850,
 1244, 849,
 1244, 848,
 1244, 847,
 1244, 846,
 1244, 845,
 1244, 844,
 1244, 843,
 1244, 842,
 1244, 841,
 1244, 840,
 1244, 839,
 1244, 838,
 1244, 837,
 1245, 836,
 1245, 835,
 1245, 834,
 1245, 833,
 1245, 832,
 1245, 831,
 1245, 830,
 1245, 829,
 1245, 828,
 1245, 827,
 1245, 826,
 1245, 825,
 1245, 824,
 1245, 823,
 1245, 822,
 1245, 821,
 1245, 820,
 1245, 819,
 1245, 818,
 1245, 817,
 1245, 816,
 1245, 815,
 1245, 814,
 1244, 813,
 1244, 812,
 1244, 811,
 1244, 810,
 1244, 809,
 1244, 808,
 1244, 807,
 1244, 806,
 1244, 805,
 1243, 804,
 1243, 803,
 1243, 802,
 1243, 801,
 1243, 800,
 1243, 799,
 1242, 798,
 1242, 797,
 1242, 796,
 1242, 795,
 1242, 794,
 1242, 793,
 1242, 792,
 1242, 791,
 1241, 790,
 1241, 789,
 1241, 788,
 1241, 787,
 1241, 786,
 1241, 785,
 1241, 784,
 1241, 783,
 1241, 782,
 1241, 781,
 1241, 780,
 1241, 779,
 1241, 778,
 1241, 777,
 1241, 776,
 1241, 775,
 1241, 774,
 1242, 773,
 1242, 772,
 1242, 771,
 1242, 770,
 1242, 769,
 1242, 768,
 1242, 767,
 1242, 766,
 1242, 765,
 1242, 764,
 1242, 763,
 1242, 762,
 1242, 761,
 1243, 760,
 1243, 759,
 1243, 758,
 1243, 757,
 1243, 756,
 1243, 755,
 1243, 754,
 1243, 753,
 1243, 752,
 1243, 751,
 1243, 750,
 1243, 749,
 1243, 748,
 1243, 747,
 1243, 746,
 1243, 745,
 1244, 744,
 1244, 743,
 1244, 742,
 1244, 741,
 1244, 740,
 1244, 739,
 1244, 738,
 1244, 737,
 1245, 736,
 1245, 735,
 1245, 734,
 1245, 733,
 1245, 732,
 1246, 731,
 1246, 730,
 1246, 729,
 1247, 728,
 1247, 727,
 1247, 726,
 1247, 725,
 1248, 724,
 1248, 723,
 1249, 722,
 1249, 721,
 1249, 720,
 1250, 719,
 1250, 718,
 1251, 717,
 1251, 716,
 1252, 715,
 1253, 714,
 1253, 713,
 1254, 712,
 1255, 711,
 1256, 710,
 1256, 709,
 1257, 708,
 1258, 708,
 1258, 707,
 1259, 706,
 1260, 706,
 1260, 705,
 1261, 704,
 1262, 703,
 1263, 703,
 1263, 702,
 1264, 701,
 1265, 701,
 1266, 700,
 1266, 699,
 1267, 698,
 1268, 697,
 1269, 697,
 1270, 696,
 1271, 695,
 1272, 694,
 1273, 693,
 1274, 693,
 1275, 692,
 1276, 691,
 1277, 690,
 1278, 690,
 1279, 689,
 1280, 688,
 1281, 688,
 1282, 687,
 1283, 686,
 1284, 685,
 1285, 684,
 1286, 684,
 1287, 683,
 1288, 682,
 1289, 682,
 1290, 681,
 1291, 681,
 1292, 680,
 1293, 679,
 1294, 679,
 1295, 678,
 1296, 678,
 1297, 677,
 1298, 677,
 1299, 676,
 1300, 676,
 1301, 676,
 1302, 675,
 1303, 675,
 1304, 675,
 1305, 674,
 1306, 674,
 1307, 674,
 1308, 674,
 1309, 674,
 1310, 673,
 1311, 673,
 1312, 673,
 1313, 673,
 1314, 673,
 1315, 673,
 1316, 673,
 1317, 673,
 1318, 673,
 1319, 673,
 1320, 673,
 1321, 673,
 1322, 673,
 1323, 673,
 1324, 673,
 1325, 673,
 1326, 673,
 1327, 673,
 1328, 673,
 1329, 673,
 1330, 673,
 1331, 673,
 1332, 673,
 1333, 673,
 1334, 674,
 1335, 674,
 1336, 674,
 1337, 674,
 1338, 674,
 1339, 674,
 1340, 674,
 1341, 675,
 1342, 675,
 1343, 675,
 1344, 675,
 1345, 676,
 1346, 676,
 1347, 676,
 1348, 676,
 1349, 677,
 1350, 677,
 1351, 677,
 1352, 678,
 1353, 678,
 1354, 679,
 1355, 679,
 1356, 680,
 1357, 680,
 1358, 681,
 1359, 681,
 1360, 682,
 1361, 682,
 1362, 683,
 1363, 683,
 1364, 684,
 1365, 685,
 1366, 685,
 1367, 686,
 1368, 686,
 1369, 687,
 1369, 688,
 1370, 688,
 1371, 689,
 1372, 690,
 1373, 690,
 1374, 691,
 1374, 692,
 1375, 693,
 1376, 693,
 1377, 694,
 1378, 695,
 1379, 696,
 1380, 697,
 1381, 698,
 1382, 699,
 1383, 700,
 1384, 701,
 1385, 702,
 1386, 703,
 1387, 704,
 1388, 705,
 1389, 706,
 1390, 707,
 1391, 708,
 1391, 709,
 1392, 709,
 1393, 710,
 1393, 711,
 1394, 712,
 1395, 713,
 1396, 714,
 1397, 715,
 1398, 716,
 1399, 717,
 1400, 718,
 1401, 719,
 1402, 720,
 1403, 721,
 1404, 722,
 1405, 723,
 1406, 723,
 1407, 724,
 1407, 725,
 1408, 725,
 1409, 726,
 1410, 727,
 1411, 728,
 1412, 729,
 1413, 730,
 1414, 730,
 1415, 731,
 1416, 731,
 1417, 732,
 1418, 733,
 1419, 734,
 1420, 735,
 1421, 735,
 1422, 736,
 1423, 737,
 1424, 737,
 1425, 738,
 1426, 738,
 1427, 739,
 1428, 740,
 1429, 740,
 1430, 741,
 1431, 741,
 1432, 741,
 1433, 742,
 1434, 743,
 1435, 744,
 1436, 744,
 1437, 744,
 1438, 745,
 1439, 745,
 1440, 746,
 1441, 746,
 1442, 746,
 1443, 747,
 1444, 747,
 1445, 747,
 1446, 748,
 1447, 748,
 1448, 748,
 1449, 749,
 1450, 749,
 1451, 749,
 1452, 750,
 1453, 750,
 1454, 750,
 1455, 750,
 1456, 750,
 1457, 751,
 1458, 751,
 1459, 752,
 1460, 752,
 1461, 752,
 1462, 752,
 1463, 752,
 1464, 752,
 1465, 752,
 1466, 753,
 1467, 753,
 1468, 753,
 1469, 753,
 1470, 753,
 1471, 753,
 1472, 754,
 1473, 754,
 1474, 754,
 1475, 754,
 1476, 754,
 1477, 754,
 1478, 754,
 1479, 754,
 1480, 754,
 1481, 754,
 1482, 754,
 1483, 754,
 1484, 754,
 1485, 754,
 1486, 754,
 1487, 754,
 1488, 754,
 1489, 754,
 1490, 754,
 1491, 754,
 1492, 754,
 1493, 754,
 1494, 754,
 1495, 754,
 1496, 754,
 1497, 754,
 1498, 754,
 1499, 753,
 1500, 753,
 1501, 753,
 1502, 753,
 1503, 753,
 1504, 753,
 1505, 752,
 1506, 752,
 1507, 752,
 1508, 752,
 1509, 752,
 1510, 752,
 1511, 752,
 1512, 751,
 1513, 751,
 1514, 751,
 1515, 751,
 1516, 751,
 1517, 751,
 1518, 750,
 1519, 750,
 1520, 750,
 1521, 749,
 1522, 749,
 1523, 749,
 1524, 748,
 1525, 748,
 1526, 748,
 1527, 748,
 1528, 747,
 1529, 747,
 1530, 746,
 1531, 746,
 1532, 746,
 1533, 745,
 1534, 745,
 1535, 744,
 1536, 744,
 1537, 743,
 1538, 743,
 1539, 742,
 1540, 741,
 1541, 741,
 1542, 741,
 1543, 740,
 1544, 739,
 1545, 739,
 1546, 738,
 1547, 738,
 1548, 737,
 1549, 736,
 1550, 736,
 1551, 735,
 1552, 735,
 1553, 734,
 1554, 733,
 1555, 732,
 1556, 732,
 1557, 731,
 1558, 730,
 1559, 729,
 1560, 729,
 1561, 728,
 1562, 728,
 1562, 727,
 1563, 726,
 1564, 725,
 1565, 725,
 1566, 724,
 1567, 723,
 1568, 722,
 1569, 722,
 1570, 721,
 1571, 720,
 1572, 719,
 1573, 718,
 1574, 717,
 1575, 716,
 1576, 715,
 1577, 714,
 1578, 713,
 1579, 712,
 1580, 711,
 1581, 710,
 1582, 709,
 1583, 708,
 1584, 707,
 1585, 706,
 1585, 705,
 1586, 704,
 1587, 703,
 1588, 702,
 1589, 701,
 1589, 700,
 1590, 699,
 1591, 698,
 1592, 697,
 1592, 696,
 1593, 695,
 1594, 694,
 1594, 693,
 1595, 692,
 1596, 691,
 1597, 690,
 1597, 689,
 1597, 688,
 1598, 687,
 1599, 686,
 1599, 685,
 1600, 684,
 1600, 683,
 1601, 682,
 1601, 681,
 1602, 680,
 1602, 679,
 1603, 678,
 1603, 677,
 1604, 676,
 1605, 675,
 1605, 674,
 1605, 673,
 1606, 672,
 1606, 671,
 1607, 670,
 1607, 669,
 1608, 668,
 1608, 667,
 1609, 666,
 1609, 665,
 1610, 664,
 1610, 663,
 1610, 662,
 1611, 661,
 1611, 660,
 1612, 659,
 1613, 658,
 1613, 657,
 1613, 656,
 1614, 655,
 1614, 654,
 1614, 653,
 1615, 652,
 1615, 651,
 1616, 650,
 1616, 649,
 1617, 648,
 1617, 647,
 1617, 646,
 1618, 645,
 1618, 644,
 1618, 643,
 1619, 642,
 1619, 641,
 1620, 640,
 1620, 639,
 1621, 638,
 1621, 637,
 1621, 636,
 1622, 635,
 1622, 634,
 1622, 633,
 1623, 632,
 1623, 631,
 1623, 630,
 1624, 629,
 1624, 628,
 1624, 627,
 1624, 626,
 1624, 625,
 1625, 624,
 1625, 623,
 1625, 622,
 1626, 621,
 1626, 620,
 1626, 619,
 1626, 618,
 1626, 617,
 1627, 616,
 1627, 615,
 1627, 614,
 1627, 613,
 1628, 612,
 1628, 611,
 1628, 610,
 1628, 609,
 1628, 608,
 1628, 607,
 1628, 606,
 1629, 605,
 1629, 604,
 1629, 603,
 1629, 602,
 1629, 601,
 1629, 600,
 1629, 599,
 1629, 598,
 1630, 597,
 1630, 596,
 1630, 595,
 1630, 594,
 1630, 593,
 1630, 592,
 1630, 591,
 1630, 590,
 1630, 589,
 1630, 588,
 1630, 587,
 1630, 586,
 1630, 585,
 1631, 584,
 1631, 583,
 1631, 582,
 1631, 581,
 1631, 580,
 1631, 579,
 1631, 578,
 1631, 577,
 1631, 576,
 1631, 575,
 1631, 574,
 1631, 573,
 1631, 572,
 1631, 571,
 1631, 570,
 1631, 569,
 1631, 568,
 1631, 567,
 1631, 566,
 1631, 565,
 1631, 564,
 1630, 563,
 1630, 562,
 1630, 561,
 1630, 560,
 1630, 559,
 1630, 558,
 1630, 557,
 1630, 556,
 1630, 555,
 1630, 554,
 1630, 553,
 1630, 552,
 1629, 551,
 1629, 550,
 1629, 549,
 1629, 548,
 1629, 547,
 1629, 546,
 1629, 545,
 1628, 544,
 1628, 543,
 1628, 542,
 1628, 541,
 1628, 540,
 1627, 539,
 1627, 538,
 1627, 537,
 1626, 536,
 1626, 535,
 1626, 534,
 1626, 533,
 1626, 532,
 1625, 531,
 1625, 530,
 1625, 529,
 1624, 528,
 1624, 527,
 1624, 526,
 1624, 525,
 1623, 524,
 1623, 523,
 1623, 522,
 1623, 521,
 1622, 520,
 1622, 519,
 1622, 518,
 1621, 517,
 1621, 516,
 1620, 515,
 1620, 514,
 1619, 513,
 1619, 512,
 1619, 511,
 1618, 510,
 1618, 509,
 1618, 508,
 1617, 507,
 1616, 506,
 1616, 505,
 1616, 504,
 1615, 503,
 1614, 502,
 1614, 501,
 1613, 500,
 1613, 499,
 1613, 498,
 1612, 497,
 1611, 496,
 1611, 495,
 1610, 494,
 1610, 493,
 1609, 492,
 1609, 491,
 1608, 490,
 1607, 489,
 1607, 488,
 1606, 487,
 1605, 486,
 1605, 485,
 1604, 484,
 1603, 483,
 1602, 482,
 1602, 481,
 1601, 480,
 1600, 479,
 1600, 478,
 1599, 477,
 1598, 476,
 1597, 475,
 1596, 474,
 1596, 473,
 1595, 472,
 1594, 471,
 1594, 470,
 1593, 470,
 1592, 469,
 1591, 468,
 1591, 467,
 1590, 466,
 1589, 465,
 1588, 464,
 1587, 463,
 1586, 462,
 1585, 461,
 1584, 460,
 1584, 459,
 1583, 458,
 1582, 458,
 1581, 457,
 1580, 456,
 1579, 455,
 1578, 454,
 1577, 453,
 1576, 452,
 1575, 451,
 1574, 450,
 1573, 450,
 1572, 449,
 1571, 448,
 1570, 447,
 1569, 446,
 1568, 445,
 1567, 445,
 1566, 444,
 1565, 443,
 1564, 443,
 1563, 442,
 1562, 441,
 1561, 441,
 1560, 440,
 1559, 440,
 1558, 439,
 1557, 438,
 1556, 438,
 1555, 437,
 1554, 437,
 1553, 436,
 1552, 436,
 1551, 435,
 1550, 435,
 1549, 435,
 1548, 434,
 1547, 434,
 1546, 433,
 1545, 433,
 1544, 432,
 1543, 432,
 1542, 431,
 1541, 431,
 1540, 431,
 1539, 431,
 1538, 430,
 1537, 430,
 1536, 429,
 1535, 429,
 1534, 429,
 1533, 428,
 1532, 428,
 1531, 428,
 1530, 427,
 1529, 427,
 1528, 427,
 1527, 427,
 1526, 427,
 1525, 426,
 1524, 426,
 1523, 426,
 1522, 426,
 1521, 425,
 1520, 425,
 1519, 425,
 1518, 425,
 1517, 425,
 1516, 425,
 1515, 424,
 1514, 424,
 1513, 424,
 1512, 424,
 1511, 424,
 1510, 424,
 1509, 424,
 1508, 423,
 1507, 423,
 1506, 423,
 1505, 423,
 1504, 423,
 1503, 423,
 1502, 423,
 1501, 423,
 1500, 423,
 1499, 423,
 1498, 423,
 1497, 423,
 1496, 423,
 1495, 423,
 1494, 422,
 1493, 422,
 1492, 422,
 1491, 422,
 1490, 423,
 1489, 423,
 1488, 423,
 1487, 423,
 1486, 423,
 1485, 423,
 1484, 423,
 1483, 423,
 1482, 423,
 1481, 423,
 1480, 423,
 1479, 423,
 1478, 423,
 1477, 423,
 1476, 423,
 1475, 424,
 1474, 424,
 1473, 424,
 1472, 424,
 1471, 424,
 1470, 424,
 1469, 424,
 1468, 424,
 1467, 424,
 1466, 425,
 1465, 425,
 1464, 425,
 1463, 425,
 1462, 425,
 1461, 426,
 1460, 426,
 1459, 426,
 1458, 426,
 1457, 426,
 1456, 427,
 1455, 427,
 1454, 427,
 1453, 427,
 1452, 428,
 1451, 428,
 1450, 428,
 1449, 428,
 1448, 429,
 1447, 429,
 1446, 430,
 1445, 430,
 1444, 430,
 1443, 431,
 1442, 431,
 1441, 432,
 1440, 432,
 1439, 432,
 1438, 433,
 1437, 433,
 1436, 434,
 1435, 434,
 1434, 435,
 1433, 435,
 1432, 436,
 1431, 436,
 1430, 437,
 1429, 437,
 1428, 438,
 1427, 438,
 1426, 439,
 1425, 440,
 1424, 441,
 1423, 441,
 1422, 442,
 1421, 442,
 1420, 442,
 1419, 443,
 1418, 444,
 1417, 445,
 1416, 446,
 1415, 446,
 1414, 447,
 1413, 448,
 1412, 448,
 1411, 449,
 1410, 450,
 1409, 451,
 1408, 452,
 1407, 452,
 1406, 453,
 1405, 454,
 1404, 455,
 1403, 455,
 1402, 456,
 1401, 457,
 1401, 458,
 1400, 459,
 1399, 459,
 1398, 460,
 1397, 461,
 1396, 462,
 1395, 462,
 1394, 463,
 1393, 464,
 1392, 465,
 1391, 466,
 1390, 467,
 1389, 468,
 1388, 469,
 1387, 470,
 1386, 471,
 1385, 472,
 1384, 473,
 1383, 473,
 1383, 474,
 1382, 475,
 1381, 476,
 1380, 477,
 1379, 477,
 1379, 478,
 1378, 479,
 1377, 480,
 1376, 481,
 1375, 481,
 1374, 482,
 1373, 483,
 1372, 484,
 1371, 484,
 1370, 485,
 1370, 486,
 1369, 487,
 1368, 487,
 1367, 488,
 1366, 489,
 1365, 490,
 1364, 490,
 1363, 491,
 1362, 492,
 1361, 492,
 1360, 493,
 1359, 494,
 1358, 495,
 1357, 495,
 1356, 496,
 1355, 496,
 1354, 497,
 1353, 497,
 1352, 498,
 1351, 498,
 1350, 499,
 1349, 499,
 1348, 500,
 1347, 500,
 1346, 500,
 1345, 501,
 1344, 501,
 1343, 501,
 1342, 502,
 1341, 502,
 1340, 502,
 1339, 502,
 1338, 503,
 1337, 503,
 1336, 503,
 1335, 503,
 1334, 503,
 1333, 503,
 1332, 503,
 1331, 503,
 1330, 503,
 1329, 503,
 1328, 504,
 1327, 504,
 1326, 504,
 1325, 504,
 1324, 503,
 1323, 503,
 1322, 503,
 1321, 503,
 1320, 503,
 1319, 503,
 1318, 503,
 1317, 503,
 1316, 503,
 1315, 503,
 1314, 502,
 1313, 502,
 1312, 502,
 1311, 502,
 1310, 501,
 1309, 501,
 1308, 501,
 1307, 501,
 1306, 501,
 1305, 500,
 1304, 500,
 1303, 500,
 1302, 499,
 1301, 499,
 1300, 499,
 1299, 498,
 1298, 498,
 1297, 497,
 1296, 497,
 1295, 496,
 1294, 496,
 1293, 495,
 1292, 495,
 1291, 494,
 1290, 493,
 1289, 493,
 1288, 492,
 1287, 492,
 1286, 491,
 1285, 490,
 1284, 490,
 1283, 489,
 1282, 488,
 1281, 488,
 1280, 487,
 1279, 486,
 1278, 485,
 1277, 485,
 1276, 484,
 1275, 483,
 1274, 482,
 1274, 481,
 1273, 481,
 1272, 480,
 1271, 480,
 1270, 479,
 1269, 478,
 1269, 477,
 1268, 476,
 1267, 476,
 1266, 475,
 1266, 474,
 1265, 473,
 1264, 472,
 1264, 471,
 1263, 470,
 1262, 469,
 1261, 468,
 1260, 467,
 1260, 466,
 1259, 465,
 1258, 464,
 1258, 463,
 1257, 462,
 1256, 461,
 1256, 460,
 1255, 459,
 1255, 458,
 1254, 457,
 1254, 456,
 1253, 455,
 1253, 454,
 1252, 453,
 1252, 452,
 1251, 451,
 1251, 450,
 1250, 449,
 1250, 448,
 1250, 447,
 1250, 446,
 1249, 445,
 1249, 444,
 1248, 443,
 1248, 442,
 1248, 441,
 1248, 440,
 1247, 439,
 1247, 438,
 1247, 437,
 1247, 436,
 1247, 435,
 1246, 434,
 1246, 433,
 1246, 432,
 1246, 431,
 1246, 430,
 1246, 429,
 1245, 428,
 1245, 427,
 1245, 426,
 1245, 425,
 1245, 424,
 1245, 423,
 1245, 422,
 1245, 421,
 1245, 420,
 1245, 419,
 1245, 418,
 1245, 417,
 1246, 416,
 1246, 415,
 1246, 414,
 1246, 413,
 1246, 412,
 1246, 411,
 1246, 410,
 1246, 409,
 1246, 408,
 1246, 407,
 1246, 406,
 1246, 405,
 1246, 404,
 1246, 403,
 1246, 402,
 1246, 401,
 1246, 400,
 1246, 399,
 1246, 398,
 1247, 397,
 1247, 396,
 1247, 395,
 1247, 394,
 1247, 393,
 1247, 392,
 1247, 391,
 1247, 390,
 1247, 389,
 1247, 388,
 1247, 387,
 1247, 386,
 1247, 385,
 1247, 384,
 1247, 383,
 1247, 382,
 1247, 381,
 1247, 380,
 1247, 379,
 1247, 378,
 1247, 377,
 1247, 376,
 1247, 375,
 1247, 374,
 1247, 373,
 1247, 372,
 1247, 371,
 1247, 370,
 1247, 369,
 1247, 368,
 1247, 367,
 1247, 366,
 1248, 365,
 1248, 364,
 1248, 363,
 1248, 362,
 1248, 361,
 1248, 360,
 1248, 359,
 1248, 358,
 1248, 357,
 1248, 356,
 1248, 355,
 1248, 354,
 1248, 353,
 1249, 352,
 1249, 351,
 1249, 350,
 1249, 349,
 1249, 348,
 1249, 347,
 1249, 346,
 1249, 345,
 1249, 344,
 1249, 343,
 1249, 342,
 1249, 341,
 1249, 340,
 1249, 339,
 1249, 338,
 1249, 337,
 1249, 336,
 1249, 335,
 1249, 334,
 1249, 333,
 1249, 332,
 1249, 331,
 1249, 330,
 1249, 329,
 1250, 328,
 1250, 327,
 1250, 326,
 1250, 325,
 1250, 324,
 1250, 323,
 1250, 322,
 1250, 321,
 1250, 320,
 1250, 319,
 1250, 318,
 1250, 317,
 1250, 316,
 1250, 315,
 1250, 314,
 1250, 313,
 1250, 312,
 1250, 311,
 1250, 310,
 1251, 309,
 1251, 308,
 1251, 307,
 1251, 306,
 1251, 305,
 1251, 304,
 1251, 303,
 1251, 302,
 1251, 301,
 1251, 300,
 1251, 299,
 1251, 298,
 1251, 297,
 1251, 296,
 1251, 295,
 1251, 294,
 1251, 293,
 1251, 292,
 1251, 291,
 1251, 290,
 1251, 289,
 1251, 288,
 1251, 287,
 1251, 286,
 1251, 285,
 1251, 284,
 1252, 283,
 1252, 282,
 1252, 281,
 1252, 280,
 1252, 279,
 1252, 278,
 1252, 277,
 1252, 276,
 1252, 275,
 1252, 274,
 1252, 273,
 1252, 272,
 1252, 271,
 1252, 270,
 1252, 269,
 1252, 268,
 1252, 267,
 1252, 266,
 1252, 265,
 1252, 264,
 1252, 263,
 1252, 262,
 1251, 261,
 1251, 260,
 1251, 259,
 1251, 258,
 1251, 257,
 1251, 256,
 1251, 255,
 1251, 254,
 1250, 253,
 1250, 252,
 1250, 251,
 1250, 250,
 1250, 249,
 1250, 248,
 1250, 247,
 1250, 246,
 1250, 245,
 1250, 244,
 1251, 243,
 1251, 242,
 1251, 241,
 1251, 240,
 1251, 239,
 1252, 238,
 1252, 237,
 1252, 236,
 1252, 235,
 1252, 234,
 1252, 233,
 1253, 232,
 1253, 231,
 1253, 230,
 1253, 229,
 1253, 228,
 1254, 227,
 1254, 226,
 1254, 225,
 1254, 224,
 1254, 223,
 1254, 222,
 1254, 221,
 1254, 220,
 1254, 219,
 1254, 218,
 1255, 217,
 1255, 216,
 1255, 215,
 1255, 214,
 1255, 213,
 1255, 212,
 1255, 211,
 1255, 210,
 1255, 209,
 1255, 208,
 1255, 207,
 1255, 206,
 1255, 205,
 1255, 204,
 1255, 203,
 1255, 202,
 1255, 201,
 1255, 200,
 1255, 199,
 1255, 198,
 1255, 197,
 1255, 196,
 1255, 195,
 1255, 194,
 1255, 193,
 1255, 192,
 1255, 191,
 1255, 190,
 1255, 189,
 1255, 188,
 1256, 187,
 1256, 186,
 1256, 185,
 1256, 184,
 1256, 183,
 1256, 182,
 1256, 181,
 1256, 180,
 1256, 179,
 1256, 178,
 1256, 177,
 1256, 176,
 1256, 175,
 1256, 174,
 1256, 173,
 1256, 172,
 1257, 171,
 1257, 170,
 1257, 169,
 1257, 168,
 1257, 167,
 1257, 166,
 1257, 165,
 1257, 164,
 1257, 163,
 1257, 162,
 1257, 161,
 1257, 160,
 1257, 159,
 1257, 158,
 1257, 157,
 1257, 156,
 1257, 155,
 1257, 154,
 1257, 153,
 1257, 152,
 1257, 151,
 1257, 150,
 1257, 149,
 1257, 148,
 1257, 147,
 1257, 146,
 1257, 145,
 1257, 144,
 1257, 143,
 1258, 142,
 1258, 141,
 1258, 140,
 1258, 139,
 1258, 138,
 1258, 137,
 1258, 136,
 1258, 135,
 1258, 134,
 1258, 133,
 1258, 132,
 1258, 131,
 1258, 130,
 1258, 129,
 1258, 128,
 1258, 127,
 1258, 126,
 1259, 125,
 1259, 124,
 1259, 123,
 1259, 122,
 1259, 121,
 1259, 120,
 1259, 119,
 1259, 118,
 1259, 117,
 1259, 116,
 1259, 115,
 1259, 114,
 1259, 113,
 1259, 112,
 1259, 111,
 1259, 110,
 1259, 109,
 1259, 108,
 1259, 107,
 1259, 106,
 1259, 105,
 1259, 104,
 1259, 103,
 1259, 102,
 1259, 101,
 1259, 100,
 1259,  99,
 1259,  98,
 1259,  97,
 1259,  96,
 1259,  95,
 1259,  94,
 1259,  93,
 1259,  92,
 1259,  91,
 1259,  90,
 1259,  89,
 1259,  88,
 1259,  87,
 1259,  86,
 1259,  85,
 1259,  84,
 1259,  83,
 1259,  82,
 1259,  81,
 1260,  80,
 1260,  79,
 1260,  78,
 1260,  77,
 1260,  76,
 1260,  75,
 1260,  74,
 1260,  73,
 1260,  72,
 1260,  71,
 1260,  70,
 1260,  69,
 1260,  68,
 1260,  67,
 1260,  66,
 1260,  65,
 1261,  64,
 1261,  63,
 1261,  62,
 1261,  61,
 1261,  60,
 1261,  59,
 1261,  58,
 1261,  57,
 1261,  56,
 1261,  55,
 1261,  54,
 1261,  53,
 1261,  52,
 1261,  51,
 1261,  50,
 1261,  49,
 1261,  48,
 1261,  47,
 1261,  46,
 1261,  45,
 1261,  44,
 1261,  43,
 1261,  42,
 1261,  41,
 1261,  40,
 1261,  39,
 1261,  38,
 1261,  37,
 1261,  36,
 1261,  35,
 1261,  34,
 1261,  33,
 1261,  32,
 1261,  31,
 1261,  30,
 1261,  29,
 1261,  28,
 1261,  27,
 1260,  26,
 1260,  25,
 1260,  24,
 1259,  23,
 1259,  22,
 1258,  21,
 1258,  20,
 1257,  19,
 1256,  18,
 1255,  17,
 1254,  16,
 1253,  16,
 1252,  15,
 1251,  15,
 1250,  14,
 1249,  14,
 1248,  14,
 1247,  13,
 1246,  13,
 1245,  13,
 1244,  13,
 1243,  13,
 1242,  13,
 1241,  13,
 1240,  12,
 1239,  12,
 1238,  12,
 1237,  12,
 1236,  12,
 1235,  12,
 1234,  12,
 1233,  12,
 1232,  12,
 1231,  12,
 1230,  12,
 1229,  12,
 1228,  12,
 1227,  12,
 1226,  12,
 1225,  12,
 1224,  12,
 1223,  12,
 1222,  12,
 1221,  12,
 1220,  12,
 1219,  12,
 1218,  12,
 1217,  12,
 1216,  12,
 1215,  12,
 1214,  12,
 1213,  12,
 1212,  12,
 1211,  12,
 1210,  12,
 1209,  12,
 1208,  12,
 1207,  12,
 1206,  12,
 1205,  12,
 1204,  12,
 1203,  12,
 1202,  12,
 1201,  12,
 1200,  12,
 1199,  12,
 1198,  12,
 1197,  12,
 1196,  12,
 1195,  12,
 1194,  12,
 1193,  12,
 1192,  12,
 1191,  12,
 1190,  12,
 1189,  12,
 1188,  12,
 1187,  12,
 1186,  12,
 1185,  12,
 1184,  12,
 1183,  12,
 1182,  12,
 1181,  12,
 1180,  12,
 1179,  12,
 1178,  12,
 1177,  12,
 1176,  12,
 1175,  12,
 1174,  12,
 1173,  12,
 1172,  12,
 1171,  12,
 1170,  12,
 1169,  12,
 1168,  12,
 1167,  12,
 1166,  12,
 1165,  12,
 1164,  12,
 1163,  12,
 1162,  12,
 1161,  12,
 1160,  12,
 1159,  12,
 1158,  12,
 1157,  12,
 1156,  12,
 1155,  12,
 1154,  11,
 1153,  11,
 1152,  11,
 1151,  11,
 1150,  11,
 1149,  11,
 1148,  11,
 1147,  11,
 1146,  11,
 1145,  11,
 1144,  11,
 1143,  11,
 1142,  11,
 1141,  11,
 1140,  11,
 1139,  10,
 1138,  10,
 1137,  10,
 1136,  10,
 1135,  10,
 1134,  10,
 1133,  10,
 1132,  10,
 1131,  10,
 1130,  10,
 1129,  10,
 1128,  10,
 1127,  10,
 1126,  10,
 1125,  10,
 1124,  10,
 1123,  10,
 1122,  10,
 1121,  10,
 1120,  10,
 1119,  10,
 1118,  10,
 1117,  10,
 1116,  10,
 1115,  10,
 1114,  10,
 1113,  10,
 1112,  10,
 1111,  10,
 1110,  10,
 1109,  10,
 1108,  10,
 1107,  10,
 1106,  10,
 1105,  10,
 1104,  10,
 1103,  10,
 1102,  10,
 1101,  10,
 1100,  10,
 1099,  10,
 1098,  10,
 1097,  10,
 1096,  10,
 1095,  10,
 1094,  10,
 1093,  10,
 1092,  10,
 1091,  10,
 1090,  10,
 1089,   9,
 1088,   9,
 1087,   9,
 1086,   9,
 1085,   9,
 1084,   9,
 1083,   9,
 1082,   9,
 1081,   9,
 1080,   9,
 1079,   9,
 1078,   9,
 1077,   9,
 1076,   9,
 1075,   9,
 1074,   9,
 1073,   9,
 1072,   8,
 1071,   8,
 1070,   8,
 1069,   8,
 1068,   8,
 1067,   8,
 1066,   8,
 1065,   8,
 1064,   8,
 1063,   8,
 1062,   8,
 1061,   8,
 1060,   8,
 1059,   8,
 1058,   8,
 1057,   8,
 1056,   8,
 1055,   8,
 1054,   8,
 1053,   8,
 1052,   8,
 1051,   8,
 1050,   8,
 1049,   8,
 1048,   8,
 1047,   8,
 1046,   8,
 1045,   8,
 1044,   8,
 1043,   8,
 1042,   8,
 1041,   8,
 1040,   8,
 1039,   8,
 1038,   8,
 1037,   8,
 1036,   8,
 1035,   8,
 1034,   8,
 1033,   8,
 1032,   8,
 1031,   8,
 1030,   8,
 1029,   8,
 1028,   8,
 1027,   8,
 1026,   8,
 1025,   8,
 1024,   8,
 1023,   8,
 1022,   8,
 1021,   8,
 1020,   8,
 1019,   8,
 1018,   8,
 1017,   8,
 1016,   8,
 1015,   8,
 1014,   8,
 1013,   8,
 1012,   8,
 1011,   8,
 1010,   8,
 1009,   8,
 1008,   8,
 1007,   8,
 1006,   8,
 1005,   8,
 1004,   8,
 1003,   8,
 1002,   8,
 1001,   8,
 1000,   8,
  999,   8,
  998,   8,
  997,   8,
  996,   8,
  995,   8,
  994,   8,
  993,   8,
  992,   8,
  991,   8,
  990,   8,
  989,   8,
  988,   8,
  987,   8,
  986,   8,
  985,   8,
  984,   8,
  983,   8,
  982,   8,
  981,   9,
  980,   9,
  979,   9,
  978,   9,
  977,   9,
  976,   9,
  975,   9,
  974,   9,
  973,   9,
  972,   9,
  971,   9,
  970,  10,
  969,  10,
  968,  10,
  967,  10,
  966,  11,
  965,  11,
  964,  11,
  963,  11,
  962,  11,
  961,  12,
  960,  12,
  959,  12,
  958,  12,
  957,  13,
  956,  13,
  955,  13,
  954,  14,
  953,  14,
  952,  15,
  951,  15,
  950,  15,
  949,  16,
  948,  16,
  947,  17,
  946,  17,
  945,  17,
  944,  18,
  943,  19,
  942,  19,
  941,  20,
  940,  20,
  939,  21,
  938,  22,
  937,  22,
  936,  23,
  935,  23,
  934,  24,
  933,  25,
  932,  26,
  931,  27,
  930,  28,
  929,  29,
  928,  30,
  927,  30,
  926,  31,
  926,  32,
  925,  33,
  924,  34,
  923,  34,
  923,  35,
  922,  36,
  921,  37,
  921,  38,
  920,  39,
  920,  40,
  919,  41,
  919,  42,
  918,  43,
  918,  44,
  918,  45,
  918,  46,
  917,  47,
  917,  48,
  917,  49,
  917,  50,
  917,  51,
  916,  52,
  916,  53,
  916,  54,
  916,  55,
  916,  56,
  917,  57,
  917,  58,
  917,  59,
  917,  60,
  917,  61,
  917,  62,
  917,  63,
  917,  64,
  917,  65,
  917,  66,
  917,  67,
  917,  68,
  917,  69,
  917,  70,
  917,  71,
  917,  72,
  917,  73,
  917,  74,
  917,  75,
  917,  76,
  917,  77,
  917,  78,
  917,  79,
  917,  80,
  917,  81,
  917,  82,
  917,  83,
  917,  84,
  917,  85,
  917,  86,
  917,  87,
  917,  88,
  917,  89,
  917,  90,
  917,  91,
  918,  92,
  918,  93,
  918,  94,
  919,  95,
  919,  96,
  919,  97,
  919,  98,
  920,  99,
  920, 100,
  920, 101,
  921, 102,
  921, 103,
  921, 104,
  921, 105,
  922, 106,
  922, 107,
  922, 108,
  923, 109,
  923, 110,
  923, 111,
  923, 112,
  924, 113,
  924, 114,
  924, 115,
  924, 116,
  924, 117,
  925, 118,
  925, 119,
  925, 120,
  925, 121,
  925, 122,
  925, 123,
  926, 124,
  926, 125,
  926, 126,
  927, 127,
  927, 128,
  927, 129,
  927, 130,
  928, 131,
  929, 132,
  929, 133,
  929, 134,
  930, 135,
  930, 136,
  931, 137,
  931, 138,
  932, 139,
  933, 140,
  933, 141,
  934, 142,
  935, 143,
  935, 144,
  936, 144,
  937, 145,
  937, 146,
  937, 147,
  938, 147,
  939, 148,
  940, 149,
  940, 150,
  941, 151,
  942, 152,
  943, 153,
  943, 154,
  944, 155,
  945, 155,
  946, 156,
  946, 157,
  947, 158,
  948, 159,
  949, 160,
  950, 161,
  951, 162,
  952, 163,
  953, 164,
  954, 165,
  955, 166,
  956, 166,
  957, 167,
  958, 168,
  959, 169,
  960, 170,
  961, 171,
  962, 171,
  963, 172,
  963, 173,
  964, 174,
  965, 174,
  966, 175,
  967, 176,
  967, 177,
  968, 178,
  969, 179,
  970, 180,
  971, 181,
  971, 182,
  972, 183,
  973, 184,
  973, 185,
  974, 186,
  974, 187,
  975, 188,
  975, 189,
  976, 190,
  976, 191,
  976, 192,
  977, 193,
  977, 194,
  978, 195,
  978, 196,
  978, 197,
  979, 198,
  979, 199,
  979, 200,
  979, 201,
  980, 202,
  980, 203,
  980, 204,
  980, 205,
  980, 206,
  980, 207,
  980, 208,
  980, 209,
  980, 210,
  980, 211,
  980, 212,
  980, 213,
  980, 214,
  979, 215,
  979, 216,
  979, 217,
  979, 218,
  979, 219,
  979, 220,
  978, 221,
  978, 222,
  978, 223,
  978, 224,
  978, 225,
  977, 226,
  977, 227,
  977, 228,
  977, 229,
  977, 230,
  977, 231,
  977, 232,
  977, 233,
  977, 234,
  977, 235,
  977, 236,
  977, 237,
  977, 238,
  977, 239,
  977, 240,
  976, 241,
  976, 242,
  976, 243,
  976, 244,
  976, 245,
  976, 246,
  976, 247,
  976, 248,
  976, 249,
  976, 250,
  976, 251,
  976, 252,
  976, 253,
  976, 254,
  976, 255,
  976, 256,
  976, 257,
  976, 258,
  976, 259,
  975, 260,
  975, 261,
  975, 262,
  975, 263,
  975, 264,
  975, 265,
  975, 266,
  974, 267,
  974, 268,
  974, 269,
  974, 270,
  973, 271,
  973, 272,
  973, 273,
  973, 274,
  973, 275,
  972, 276,
  972, 277,
  972, 278,
  971, 279,
  971, 280,
  971, 281,
  970, 282,
  970, 283,
  970, 284,
  970, 285,
  969, 286,
  969, 287,
  969, 288,
  968, 289,
  967, 290,
  967, 291,
  967, 292,
  967, 293,
  966, 294,
  965, 295,
  965, 296,
  965, 297,
  964, 298,
  964, 299,
  963, 300,
  963, 301,
  962, 302,
  962, 303,
  961, 304,
  961, 305,
  961, 306,
  960, 307,
  959, 308,
  959, 309,
  959, 310,
  958, 311,
  958, 312,
  957, 313,
  956, 314,
  956, 315,
  955, 316,
  955, 317,
  954, 318,
  953, 319,
  953, 320,
  952, 321,
  952, 322,
  951, 323,
  951, 324,
  950, 325,
  949, 326,
  948, 327,
  948, 328,
  947, 329,
  946, 330,
  945, 331,
  944, 332,
  944, 333,
  943, 334,
  942, 335,
  941, 335,
  941, 336,
  940, 337,
  939, 338,
  938, 339,
  937, 340,
  936, 341,
  935, 342,
  934, 343,
  933, 344,
  932, 345,
  931, 346,
  930, 347,
  929, 347,
  929, 348,
  928, 349,
  927, 349,
  926, 350,
  925, 351,
  924, 352,
  923, 353,
  922, 354,
  921, 354,
  921, 355,
  920, 356,
  919, 356,
  918, 356,
  917, 357,
  916, 358,
  915, 359,
  914, 360,
  913, 360,
  912, 361,
  911, 362,
  910, 362,
  909, 363,
  908, 364,
  907, 364,
  906, 365,
  905, 366,
  904, 367,
  903, 367,
  902, 367,
  901, 368,
  900, 369,
  899, 369,
  898, 370,
  897, 371,
  896, 371,
  895, 372,
  894, 372,
  893, 373,
  892, 373,
  891, 373,
  890, 374,
  889, 375,
  888, 375,
  887, 375,
  886, 376,
  885, 376,
  884, 377,
  883, 377,
  882, 378,
  881, 378,
  880, 379,
  879, 379,
  878, 379,
  877, 380,
  876, 381,
  875, 381,
  874, 381,
  873, 381,
  872, 382,
  871, 382,
  870, 383,
  869, 383,
  868, 383,
  867, 384,
  866, 384,
  865, 384,
  864, 385,
  863, 385,
  862, 385,
  861, 386,
  860, 386,
  859, 386,
  858, 387,
  857, 387,
  856, 387,
  855, 387,
  854, 388,
  853, 388,
  852, 388,
  851, 389,
  850, 389,
  849, 389,
  848, 389,
  847, 389,
  846, 390,
  845, 390,
  844, 390,
  843, 390,
  842, 390,
  841, 391,
  840, 391,
  839, 391,
  838, 391,
  837, 391,
  836, 391,
  835, 391,
  834, 391,
  833, 391,
  832, 392,
  831, 392,
  830, 392,
  829, 392,
  828, 392,
  827, 392,
  826, 392,
  825, 392,
  824, 392,
  823, 392,
  822, 392,
  821, 392,
  820, 392,
  819, 392,
  818, 392,
  817, 392,
  816, 392,
  815, 392,
  814, 392,
  813, 392,
  812, 392,
  811, 392,
  810, 392,
  809, 392,
  808, 392,
  807, 392,
  806, 392,
  805, 392,
  804, 391,
  803, 391,
  802, 391,
  801, 391,
  800, 391,
  799, 391,
  798, 391,
  797, 391,
  796, 391,
  795, 391,
  794, 391,
  793, 391,
  792, 390,
  791, 390,
  790, 390,
  789, 390,
  788, 390,
  787, 390,
  786, 389,
  785, 389,
  784, 389,
  783, 389,
  782, 389,
  781, 389,
  780, 389,
  779, 389,
  778, 388,
  777, 388,
  776, 388,
  775, 388,
  774, 388,
  773, 387,
  772, 387,
  771, 387,
  770, 387,
  769, 387,
  768, 386,
  767, 386,
  766, 386,
  765, 386,
  764, 385,
  763, 385,
  762, 385,
  761, 385,
  760, 384,
  759, 384,
  758, 384,
  757, 383,
  756, 383,
  755, 383,
  754, 382,
  753, 382,
  752, 382,
  751, 381,
  750, 381,
  749, 381,
  748, 380,
  747, 380,
  746, 379,
  745, 379,
  744, 378,
  743, 378,
  742, 377,
  741, 377,
  740, 376,
  739, 376,
  738, 375,
  737, 375,
  736, 375,
  735, 374,
  734, 373,
  733, 373,
  732, 372,
  731, 372,
  730, 371,
  729, 371,
  728, 370,
  727, 369,
  726, 368,
  725, 368,
  724, 368,
  723, 367,
  722, 366,
  721, 366,
  720, 365,
  719, 364,
  718, 364,
  717, 363,
  716, 362,
  715, 362,
  714, 361,
  713, 361,
  712, 360,
  712, 359,
  711, 359,
  710, 358,
  709, 357,
  708, 356,
  707, 356,
  706, 355,
  705, 354,
  704, 353,
  703, 352,
  702, 351,
  701, 350,
  700, 349,
  699, 348,
  698, 347,
  697, 346,
  696, 345,
  695, 344,
  694, 343,
  693, 342,
  692, 341,
  691, 340,
  690, 339,
  689, 338,
  688, 337,
  687, 336,
  686, 335,
  685, 334,
  684, 333,
  684, 332,
  683, 331,
  682, 330,
  681, 329,
  680, 328,
  680, 327,
  679, 326,
  678, 325,
  677, 324,
  677, 323,
  676, 322,
  675, 321,
  674, 320,
  674, 319,
  673, 318,
  672, 317,
  671, 316,
  670, 315,
  670, 314,
  669, 313,
  668, 312,
  667, 311,
  667, 310,
  666, 309,
  665, 308,
  664, 307,
  664, 306,
  663, 305,
  662, 304,
  661, 303,
  661, 302,
  660, 301,
  659, 300,
  659, 299,
  658, 298,
  657, 297,
  656, 296,
  656, 295,
  655, 294,
  655, 293,
  654, 292,
  654, 291,
  653, 290,
  653, 289,
  652, 288,
  652, 287,
  651, 286,
  650, 285,
  650, 284,
  650, 283,
  649, 282,
  649, 281,
  648, 280,
  648, 279,
  648, 278,
  647, 277,
  647, 276,
  647, 275,
  646, 274,
  646, 273,
  646, 272,
  646, 271,
  646, 270,
  645, 269,
  645, 268,
  645, 267,
  645, 266,
  645, 265,
  645, 264,
  645, 263,
  645, 262,
  645, 261,
  645, 260,
  645, 259,
  645, 258,
  645, 257,
  645, 256,
  645, 255,
  645, 254,
  645, 253,
  645, 252,
  645, 251,
  645, 250,
  645, 249,
  646, 248,
  646, 247,
  646, 246,
  646, 245,
  646, 244,
  646, 243,
  646, 242,
  646, 241,
  646, 240,
  646, 239,
  646, 238,
  646, 237,
  646, 236,
  646, 235,
  646, 234,
  646, 233,
  646, 232,
  646, 231,
  646, 230,
  646, 229,
  646, 228,
  646, 227,
  646, 226,
  646, 225,
  646, 224,
  645, 223,
  645, 222,
  645, 221,
  645, 220,
  645, 219,
  645, 218,
  645, 217,
  644, 216,
  644, 215,
  644, 214,
  644, 213,
  644, 212,
  643, 211,
  643, 210,
  643, 209,
  643, 208,
  643, 207,
  643, 206,
  643, 205,
  643, 204,
  643, 203,
  643, 202,
  643, 201,
  643, 200,
  644, 199,
  644, 198,
  644, 197,
  644, 196,
  644, 195,
  644, 194,
  645, 193,
  645, 192,
  645, 191,
  646, 190,
  646, 189,
  647, 188,
  647, 187,
  647, 186,
  648, 185,
  648, 184,
  649, 183,
  649, 182,
  649, 181,
  650, 180,
  650, 179,
  651, 178,
  651, 177,
  652, 176,
  652, 175,
  653, 174,
  653, 173,
  654, 172,
  654, 171,
  655, 170,
  656, 169,
  656, 168,
  657, 167,
  657, 166,
  658, 165,
  658, 164,
  659, 163,
  660, 162,
  660, 161,
  661, 160,
  661, 159,
  662, 158,
  662, 157,
  663, 156,
  664, 155,
  664, 154,
  665, 153,
  665, 152,
  666, 151,
  667, 150,
  668, 149,
  668, 148,
  669, 147,
  670, 146,
  670, 145,
  671, 144,
  672, 144,
  672, 143,
  673, 142,
  674, 142,
  674, 141,
  675, 140,
  676, 139,
  677, 138,
  678, 137,
  679, 136,
  680, 135,
  681, 134,
  681, 133,
  682, 132,
  683, 131,
  684, 130,
  684, 129,
  685, 128,
  686, 127,
  687, 126,
  687, 125,
  688, 124,
  688, 123,
  689, 122,
  689, 121,
  690, 120,
  690, 119,
  691, 118,
  691, 117,
  692, 116,
  692, 115,
  693, 114,
  693, 113,
  693, 112,
  693, 111,
  694, 110,
  694, 109,
  694, 108,
  695, 107,
  695, 106,
  695, 105,
  696, 104,
  696, 103,
  696, 102,
  696, 101,
  697, 100,
  697,  99,
  698,  98,
  698,  97,
  698,  96,
  699,  95,
  700,  94,
  700,  93,
  700,  92,
  701,  91,
  701,  90,
  702,  89,
  702,  88,
  703,  87,
  703,  86,
  704,  85,
  704,  84,
  705,  83,
  705,  82,
  706,  81,
  706,  80,
  706,  79,
  706,  78,
  707,  77,
  707,  76,
  708,  75,
  708,  74,
  708,  73,
  708,  72,
  708,  71,
  708,  70,
  709,  69,
  709,  68,
  709,  67,
  709,  66,
  709,  65,
  709,  64,
  709,  63,
  709,  62,
  709,  61,
  709,  60,
  709,  59,
  709,  58,
  709,  57,
  709,  56,
  709,  55,
  709,  54,
  709,  53,
  709,  52,
  708,  51,
  708,  50,
  708,  49,
  708,  48,
  707,  47,
  707,  46,
  706,  45,
  706,  44,
  706,  43,
  705,  42,
  705,  41,
  704,  40,
  704,  39,
  704,  38,
  703,  37,
  703,  36,
  702,  35,
  701,  34,
  701,  33,
  700,  32,
  699,  31,
  699,  30,
  698,  29,
  697,  28,
  696,  27,
  695,  26,
  695,  25,
  694,  24,
  693,  23,
  692,  22,
  691,  21,
  690,  20,
  689,  20,
  688,  19,
  687,  18,
  686,  17,
  685,  16,
  684,  16,
  683,  15,
  682,  14,
  681,  14,
  680,  13,
  679,  12,
  678,  12,
  677,  11,
  676,  11,
  675,  10,
  674,   9,
  673,   9,
  672,   9,
  671,   9,
  670,   8,
  669,   8,
  668,   7,
  667,   7,
  666,   7,
  665,   7,
  664,   6,
  663,   6,
  662,   6,
  661,   5,
  660,   5,
  659,   5,
  658,   5,
  657,   5,
  656,   5,
  655,   5,
  654,   4,
  653,   4,
  652,   4,
  651,   4,
  650,   4,
  649,   4,
  648,   4,
  647,   4,
  646,   4,
  645,   3,
  644,   3,
  643,   3,
  642,   3,
  641,   3,
  640,   3,
  639,   3,
  638,   3,
  637,   3,
  636,   3,
  635,   3,
  634,   3,
  633,   2,
  632,   2,
  631,   2,
  630,   2,
  629,   2,
  628,   2,
  627,   2,
  626,   2,
  625,   2,
  624,   2,
  623,   2,
  622,   2,
  621,   2,
  620,   2,
  619,   2,
  618,   2,
  617,   2,
  616,   2,
  615,   2,
  614,   2,
  613,   2,
  612,   2,
  611,   2,
  610,   2,
  609,   2,
  608,   2,
  607,   2,
  606,   2,
  605,   2,
  604,   2,
  603,   2,
  602,   2,
  601,   2,
  600,   2,
  599,   2,
  598,   1,
  597,   1,
  596,   1,
  595,   1,
  594,   1,
  593,   1,
  592,   1,
  591,   1,
  590,   1,
  589,   1,
  588,   1,
  587,   1,
  586,   1,
  585,   1,
  584,   0,
  583,   0,
  582,   0,
  581,   0,
  580,   0,
  579,   0,
  578,   0,
  577,   0,
  576,   0,
  575,   0,
  574,   0,
  573,   0,
  572,   0,
  571,   0,
  570,   0,
  569,   0,
  568,   0,
  567,   0,
  566,   0,
  565,   0,
  564,   0,
  563,   0,
  562,   0,
  561,   0,
  560,   0,
  559,   0,
  558,   0,
  557,   0,
  556,   0,
  555,   0,
  554,   0,
  553,   0,
  552,   0,
  551,   0,
  550,   0,
  549,   0,
  548,   0,
  547,   0,
  546,   0,
  545,   0,
  544,   0,
  543,   0,
  542,   0,
  541,   0,
  540,   0,
  539,   0,
  538,   0,
  537,   0,
  536,   0,
  535,   0,
  534,   0,
  533,   0,
  532,   0,
  531,   0,
  530,   0,
  529,   0,
  528,   0,
  527,   0,
  526,   0,
  525,   0,
  524,   0,
  523,   0,
  522,   0,
  521,   0,
  520,   0,
  519,   0,
  518,   0,
  517,   0,
  516,   0,
  515,   0,
  514,   0,
  513,   0,
  512,   0,
  511,   0,
  510,   0,
  509,   0,
  508,   0,
  507,   0,
  506,   0,
  505,   0,
  504,   0,
  503,   0,
  502,   0,
  501,   0,
  500,   0,
  499,   0,
  498,   0,
  497,   0,
  496,   0,
  495,   0,
  494,   0,
  493,   0,
  492,   0,
  491,   0,
  490,   0,
  489,   0,
  488,   0,
  487,   0,
  486,   0,
  485,   0,
  484,   0,
  483,   0,
  482,   0,
  481,   0,
  480,   0,
  479,   0,
  478,   0,
  477,   0,
  476,   0,
  475,   0,
  474,   0,
  473,   0,
  472,   0,
  471,   0,
  470,   0,
  469,   0,
  468,   0,
  467,   0,
  466,   0,
  465,   0,
  464,   0,
  463,   0,
  462,   0,
  461,   0,
  460,   0,
  459,   0,
  458,   0