[[[ 549,   0]],

 [[ 548,   1]],

 [[ 547,   1]],

 [[ 546,   1]],

 [[ 545,   1]],

 [[ 544,   1]],

 [[ 543,   1]],

 [[ 542,   1]],

 [[ 541,   1]],

 [[ 540,   1]],

 [[ 539,   2]],

 [[ 538,   2]],

 [[ 537,   2]],

 [[ 536,   2]],

 [[ 535,   2]],

 [[ 534,   2]],

 [[ 533,   3]],

 [[ 532,   3]],

 [[ 531,   3]],

 [[ 530,   3]],

 [[ 529,   3]],

 [[ 528,   4]],

 [[ 527,   4]],

 [[ 526,   4]],

 [[ 525,   4]],

 [[ 524,   5]],

 [[ 523,   5]],

 [[ 522,   5]],

 [[ 521,   5]],

 [[ 520,   6]],

 [[ 519,   6]],

 [[ 518,   6]],

 [[ 517,   7]],

 [[ 516,   7]],

 [[ 515,   7]],

 [[ 514,   7]],

 [[ 513,   8]],

 [[ 512,   8]],

 [[ 511,   8]],

 [[ 510,   9]],

 [[ 509,   9]],

 [[ 508,   9]],

 [[ 507,  10]],

 [[ 506,  10]],

 [[ 505,  10]],

 [[ 504,  11]],

 [[ 503,  11]],

 [[ 502,  12]],

 [[ 501,  12]],

 [[ 500,  12]],

 [[ 499,  13]],

 [[ 498,  13]],

 [[ 497,  14]],

 [[ 496,  14]],

 [[ 495,  15]],

 [[ 494,  15]],

 [[ 493,  16]],

 [[ 492,  17]],

 [[ 491,  17]],

 [[ 490,  18]],

 [[ 489,  18]],

 [[ 488,  19]],

 [[ 487,  19]],

 [[ 486,  20]],

 [[ 485,  21]],

 [[ 484,  21]],

 [[ 483,  22]],

 [[ 482,  22]],

 [[ 481,  23]],

 [[ 480,  24]],

 [[ 479,  24]],

 [[ 478,  25]],

 [[ 477,  26]],

 [[ 476,  26]],

 [[ 475,  27]],

 [[ 474,  28]],

 [[ 473,  29]],

 [[ 472,  29]],

 [[ 471,  30]],

 [[ 470,  31]],

 [[ 469,  32]],

 [[ 468,  32]],

 [[ 467,  33]],

 [[ 466,  34]],

 [[ 465,  35]],

 [[ 464,  36]],

 [[ 463,  36]],

 [[ 462,  37]],

 [[ 461,  38]],

 [[ 460,  39]],

 [[ 459,  40]],

 [[ 458,  41]],

 [[ 457,  42]],

 [[ 456,  43]],

 [[ 455,  44]],

 [[ 454,  45]],

 [[ 453,  46]],

 [[ 452,  46]],

 [[ 452,  47]],

 [[ 451,  48]],

 [[ 450,  49]],

 [[ 449,  50]],

 [[ 448,  51]],

 [[ 447,  52]],

 [[ 446,  53]],

 [[ 445,  54]],

 [[ 444,  55]],

 [[ 443,  56]],

 [[ 442,  57]],

 [[ 442,  58]],

 [[ 441,  59]],

 [[ 440,  60]],

 [[ 439,  61]],

 [[ 438,  62]],

 [[ 438,  63]],

 [[ 437,  64]],

 [[ 436,  64]],

 [[ 436,  65]],

 [[ 435,  66]],

 [[ 434,  67]],

 [[ 434,  68]],

 [[ 433,  69]],

 [[ 432,  70]],

 [[ 432,  71]],

 [[ 431,  72]],

 [[ 430,  73]],

 [[ 430,  74]],

 [[ 430,  75]],

 [[ 429,  76]],

 [[ 428,  77]],

 [[ 428,  78]],

 [[ 427,  79]],

 [[ 427,  80]],

 [[ 426,  81]],

 [[ 426,  82]],

 [[ 425,  83]],

 [[ 425,  84]],

 [[ 425,  85]],

 [[ 424,  86]],

 [[ 423,  87]],

 [[ 423,  88]],

 [[ 423,  89]],

 [[ 422,  90]],

 [[ 422,  91]],

 [[ 421,  92]],

 [[ 421,  93]],

 [[ 421,  94]],

 [[ 420,  95]],

 [[ 420,  96]],

 [[ 420,  97]],

 [[ 419,  98]],

 [[ 419,  99]],

 [[ 418, 100]],

 [[ 418, 101]],

 [[ 418, 102]],

 [[ 418, 103]],

 [[ 417, 104]],

 [[ 417, 105]],

 [[ 416, 106]],

 [[ 416, 107]],

 [[ 416, 108]],

 [[ 416, 109]],

 [[ 415, 110]],

 [[ 415, 111]],

 [[ 415, 112]],

 [[ 415, 113]],

 [[ 414, 114]],

 [[ 414, 115]],

 [[ 414, 116]],

 [[ 414, 117]],

 [[ 414, 118]],

 [[ 414, 119]],

 [[ 413, 120]],

 [[ 413, 121]],

 [[ 413, 122]],

 [[ 413, 123]],

 [[ 413, 124]],

 [[ 413, 125]],

 [[ 413, 126]],

 [[ 413, 127]],

 [[ 413, 128]],

 [[ 413, 129]],

 [[ 413, 130]],

 [[ 413, 131]],

 [[ 413, 132]],

 [[ 412, 133]],

 [[ 412, 134]],

 [[ 412, 135]],

 [[ 413, 136]],

 [[ 413, 137]],

 [[ 412, 138]],

 [[ 412, 139]],

 [[ 412, 140]],

 [[ 412, 141]],

 [[ 412, 142]],

 [[ 412, 143]],

 [[ 413, 144]],

 [[ 413, 145]],

 [[ 413, 146]],

 [[ 413, 147]],

 [[ 413, 148]],

 [[ 413, 149]],

 [[ 413, 150]],

 [[ 413, 151]],

 [[ 413, 152]],

 [[ 413, 153]],

 [[ 413, 154]],

 [[ 413, 155]],

 [[ 413, 156]],

 [[ 413, 157]],

 [[ 413, 158]],

 [[ 414, 159]],

 [[ 414, 160]],

 [[ 414, 161]],

 [[ 414, 162]],

 [[ 414, 163]],

 [[ 414, 164]],

 [[ 415, 165]],

 [[ 415, 166]],

 [[ 415, 167]],

 [[ 415, 168]],

 [[ 415, 169]],

 [[ 415, 170]],

 [[ 415, 171]],

 [[ 416, 172]],

 [[ 416, 173]],

 [[ 416, 174]],

 [[ 416, 175]],

 [[ 416, 176]],

 [[ 417, 177]],

 [[ 417, 178]],

 [[ 417, 179]],

 [[ 417, 180]],

 [[ 418, 181]],

 [[ 418, 182]],

 [[ 418, 183]],

 [[ 418, 184]],

 [[ 419, 185]],

 [[ 419, 186]],

 [[ 419, 187]],

 [[ 420, 188]],

 [[ 420, 189]],

 [[ 420, 190]],

 [[ 421, 191]],

 [[ 421, 192]],

 [[ 422, 193]],

 [[ 422, 194]],

 [[ 422, 195]],

 [[ 423, 196]],

 [[ 423, 197]],

 [[ 424, 198]],

 [[ 424, 199]],

 [[ 424, 200]],

 [[ 425, 201]],

 [[ 425, 202]],

 [[ 426, 203]],

 [[ 426, 204]],

 [[ 427, 205]],

 [[ 428, 206]],

 [[ 428, 207]],

 [[ 428, 208]],

 [[ 429, 209]],

 [[ 430, 210]],

 [[ 430, 211]],

 [[ 431, 212]],

 [[ 432, 213]],

 [[ 432, 214]],

 [[ 433, 215]],

 [[ 434, 216]],

 [[ 434, 217]],

 [[ 435, 218]],

 [[ 436, 219]],

 [[ 437, 220]],

 [[ 438, 221]],

 [[ 438, 222]],

 [[ 439, 223]],

 [[ 440, 224]],

 [[ 441, 225]],

 [[ 442, 226]],

 [[ 443, 227]],

 [[ 444, 228]],

 [[ 444, 229]],

 [[ 445, 230]],

 [[ 446, 231]],

 [[ 447, 232]],

 [[ 447, 233]],

 [[ 448, 234]],

 [[ 449, 235]],

 [[ 450, 236]],

 [[ 451, 237]],

 [[ 452, 238]],

 [[ 453, 239]],

 [[ 454, 240]],

 [[ 455, 241]],

 [[ 456, 242]],

 [[ 457, 243]],

 [[ 458, 244]],

 [[ 459, 245]],

 [[ 460, 246]],

 [[ 461, 247]],

 [[ 462, 248]],

 [[ 463, 249]],

 [[ 464, 250]],

 [[ 465, 250]],

 [[ 466, 251]],

 [[ 467, 252]],

 [[ 468, 253]],

 [[ 469, 254]],

 [[ 470, 254]],

 [[ 471, 255]],

 [[ 472, 256]],

 [[ 473, 257]],

 [[ 474, 258]],

 [[ 475, 259]],

 [[ 476, 259]],

 [[ 477, 260]],

 [[ 478, 261]],

 [[ 479, 262]],

 [[ 480, 263]],

 [[ 481, 263]],

 [[ 482, 264]],

 [[ 482, 265]],

 [[ 483, 265]],

 [[ 484, 266]],

 [[ 485, 267]],

 [[ 486, 268]],

 [[ 487, 269]],

 [[ 488, 270]],

 [[ 489, 271]],

 [[ 490, 272]],

 [[ 490, 273]],

 [[ 491, 274]],

 [[ 491, 275]],

 [[ 492, 276]],

 [[ 492, 277]],

 [[ 493, 278]],

 [[ 493, 279]],

 [[ 493, 280]],

 [[ 493, 281]],

 [[ 494, 282]],

 [[ 494, 283]],

 [[ 494, 284]],

 [[ 494, 285]],

 [[ 494, 286]],

 [[ 495, 287]],

 [[ 495, 288]],

 [[ 495, 289]],

 [[ 495, 290]],

 [[ 495, 291]],

 [[ 495, 292]],

 [[ 495, 293]],

 [[ 495, 294]],

 [[ 495, 295]],

 [[ 495, 296]],

 [[ 495, 297]],

 [[ 495, 298]],

 [[ 495, 299]],

 [[ 495, 300]],

 [[ 495, 301]],

 [[ 495, 302]],

 [[ 495, 303]],

 [[ 495, 304]],

 [[ 495, 305]],

 [[ 495, 306]],

 [[ 495, 307]],

 [[ 495, 308]],

 [[ 495, 309]],

 [[ 494, 310]],

 [[ 494, 311]],

 [[ 494, 312]],

 [[ 494, 313]],

 [[ 494, 314]],

 [[ 494, 315]],

 [[ 493, 316]],

 [[ 493, 317]],

 [[ 493, 318]],

 [[ 493, 319]],

 [[ 492, 320]],

 [[ 492, 321]],

 [[ 492, 322]],

 [[ 491, 323]],

 [[ 491, 324]],

 [[ 490, 325]],

 [[ 490, 326]],

 [[ 490, 327]],

 [[ 489, 328]],

 [[ 488, 329]],

 [[ 488, 330]],

 [[ 487, 331]],

 [[ 486, 332]],

 [[ 486, 333]],

 [[ 485, 334]],

 [[ 484, 335]],

 [[ 483, 336]],

 [[ 482, 337]],

 [[ 482, 338]],

 [[ 481, 339]],

 [[ 480, 340]],

 [[ 479, 341]],

 [[ 478, 342]],

 [[ 478, 343]],

 [[ 477, 344]],

 [[ 476, 344]],

 [[ 476, 345]],

 [[ 475, 346]],

 [[ 474, 347]],

 [[ 473, 348]],

 [[ 472, 349]],

 [[ 472, 350]],

 [[ 471, 351]],

 [[ 470, 352]],

 [[ 469, 353]],

 [[ 468, 354]],

 [[ 467, 355]],

 [[ 466, 356]],

 [[ 465, 357]],

 [[ 464, 358]],

 [[ 463, 359]],

 [[ 462, 360]],

 [[ 461, 361]],

 [[ 460, 362]],

 [[ 459, 363]],

 [[ 458, 364]],

 [[ 457, 365]],

 [[ 456, 366]],

 [[ 455, 367]],

 [[ 454, 367]],

 [[ 453, 368]],

 [[ 452, 369]],

 [[ 451, 370]],

 [[ 450, 370]],

 [[ 449, 371]],

 [[ 448, 372]],

 [[ 447, 372]],

 [[ 446, 373]],

 [[ 445, 373]],

 [[ 444, 374]],

 [[ 443, 374]],

 [[ 442, 375]],

 [[ 441, 376]],

 [[ 440, 376]],

 [[ 439, 376]],

 [[ 438, 377]],

 [[ 437, 377]],

 [[ 436, 378]],

 [[ 435, 378]],

 [[ 434, 378]],

 [[ 433, 379]],

 [[ 432, 379]],

 [[ 431, 380]],

 [[ 430, 380]],

 [[ 429, 380]],

 [[ 428, 380]],

 [[ 427, 381]],

 [[ 426, 381]],

 [[ 425, 381]],

 [[ 424, 381]],

 [[ 423, 381]],

 [[ 422, 381]],

 [[ 421, 382]],

 [[ 420, 382]],

 [[ 419, 382]],

 [[ 418, 382]],

 [[ 417, 382]],

 [[ 416, 382]],

 [[ 415, 382]],

 [[ 414, 382]],

 [[ 413, 382]],

 [[ 412, 382]],

 [[ 411, 382]],

 [[ 410, 382]],

 [[ 409, 382]],

 [[ 408, 382]],

 [[ 407, 382]],

 [[ 406, 382]],

 [[ 405, 382]],

 [[ 404, 382]],

 [[ 403, 382]],

 [[ 402, 382]],

 [[ 401, 382]],

 [[ 400, 382]],

 [[ 399, 382]],

 [[ 398, 382]],

 [[ 397, 382]],

 [[ 396, 382]],

 [[ 395, 382]],

 [[ 394, 382]],

 [[ 393, 382]],

 [[ 392, 382]],

 [[ 391, 382]],

 [[ 390, 382]],

 [[ 389, 382]],

 [[ 388, 382]],

 [[ 387, 382]],

 [[ 386, 382]],

 [[ 385, 382]],

 [[ 384, 382]],

 [[ 383, 382]],

 [[ 382, 382]],

 [[ 381, 382]],

 [[ 380, 382]],

 [[ 379, 382]],

 [[ 378, 382]],

 [[ 377, 382]],

 [[ 376, 382]],

 [[ 375, 382]],

 [[ 374, 382]],

 [[ 373, 382]],

 [[ 372, 382]],

 [[ 371, 382]],

 [[ 370, 382]],

 [[ 369, 382]],

 [[ 368, 382]],

 [[ 367, 382]],

 [[ 366, 381]],

 [[ 365, 381]],

 [[ 364, 381]],

 [[ 363, 381]],

 [[ 362, 381]],

 [[ 361, 381]],

 [[ 360, 381]],

 [[ 359, 381]],

 [[ 358, 381]],

 [[ 357, 381]],

 [[ 356, 381]],

 [[ 355, 381]],

 [[ 354, 380]],

 [[ 353, 380]],

 [[ 352, 380]],

 [[ 351, 380]],

 [[ 350, 380]],

 [[ 349, 380]],

 [[ 348, 380]],

 [[ 347, 380]],

 [[ 346, 380]],

 [[ 345, 380]],

 [[ 344, 380]],

 [[ 343, 380]],

 [[ 342, 379]],

 [[ 341, 379]],

 [[ 340, 379]],

 [[ 339, 379]],

 [[ 338, 379]],

 [[ 337, 379]],

 [[ 336, 379]],

 [[ 335, 379]],

 [[ 334, 379]],

 [[ 333, 379]],

 [[ 332, 379]],

 [[ 331, 379]],

 [[ 330, 379]],

 [[ 329, 378]],

 [[ 328, 378]],

 [[ 327, 378]],

 [[ 326, 378]],

 [[ 325, 378]],

 [[ 324, 378]],

 [[ 323, 378]],

 [[ 322, 378]],

 [[ 321, 378]],

 [[ 320, 378]],

 [[ 319, 378]],

 [[ 318, 378]],

 [[ 317, 378]],

 [[ 316, 378]],

 [[ 315, 378]],

 [[ 314, 377]],

 [[ 313, 377]],

 [[ 312, 377]],

 [[ 311, 377]],

 [[ 310, 377]],

 [[ 309, 377]],

 [[ 308, 377]],

 [[ 307, 377]],

 [[ 306, 377]],

 [[ 305, 377]],

 [[ 304, 377]],

 [[ 303, 377]],

 [[ 302, 377]],

 [[ 301, 377]],

 [[ 300, 377]],

 [[ 299, 376]],

 [[ 298, 376]],

 [[ 297, 376]],

 [[ 296, 376]],

 [[ 295, 376]],

 [[ 294, 376]],

 [[ 293, 376]],

 [[ 292, 376]],

 [[ 291, 376]],

 [[ 290, 376]],

 [[ 289, 376]],

 [[ 288, 376]],

 [[ 287, 376]],

 [[ 286, 376]],

 [[ 285, 376]],

 [[ 284, 375]],

 [[ 283, 375]],

 [[ 282, 375]],

 [[ 281, 375]],

 [[ 280, 375]],

 [[ 279, 375]],

 [[ 278, 375]],

 [[ 277, 375]],

 [[ 276, 375]],

 [[ 275, 375]],

 [[ 274, 375]],

 [[ 273, 375]],

 [[ 272, 375]],

 [[ 271, 374]],

 [[ 270, 374]],

 [[ 269, 374]],

 [[ 268, 374]],

 [[ 267, 374]],

 [[ 266, 374]],

 [[ 265, 374]],

 [[ 264, 374]],

 [[ 263, 374]],

 [[ 262, 374]],

 [[ 261, 374]],

 [[ 260, 374]],

 [[ 259, 374]],

 [[ 258, 373]],

 [[ 257, 373]],

 [[ 256, 373]],

 [[ 255, 373]],

 [[ 254, 373]],

 [[ 253, 373]],

 [[ 252, 373]],

 [[ 251, 373]],

 [[ 250, 373]],

 [[ 249, 373]],

 [[ 248, 373]],

 [[ 247, 373]],

 [[ 246, 373]],

 [[ 245, 373]],

 [[ 244, 372]],

 [[ 243, 372]],

 [[ 242, 372]],

 [[ 241, 372]],

 [[ 240, 372]],

 [[ 239, 372]],

 [[ 238, 372]],

 [[ 237, 372]],

 [[ 236, 372]],

 [[ 235, 372]],

 [[ 234, 372]],

 [[ 233, 372]],

 [[ 232, 372]],

 [[ 231, 372]],

 [[ 230, 371]],

 [[ 229, 371]],

 [[ 228, 371]],

 [[ 227, 371]],

 [[ 226, 371]],

 [[ 225, 371]],

 [[ 224, 371]],

 [[ 223, 371]],

 [[ 222, 371]],

 [[ 221, 371]],

 [[ 220, 371]],

 [[ 219, 371]],

 [[ 218, 371]],

 [[ 217, 371]],

 [[ 216, 371]],

 [[ 215, 371]],

 [[ 214, 371]],

 [[ 213, 370]],

 [[ 212, 370]],

 [[ 211, 370]],

 [[ 210, 370]],

 [[ 209, 370]],

 [[ 208, 370]],

 [[ 207, 370]],

 [[ 206, 370]],

 [[ 205, 370]],

 [[ 204, 370]],

 [[ 203, 370]],

 [[ 202, 370]],

 [[ 201, 370]],

 [[ 200, 370]],

 [[ 199, 370]],

 [[ 198, 370]],

 [[ 197, 370]],

 [[ 196, 370]],

 [[ 195, 369]],

 [[ 194, 369]],

 [[ 193, 369]],

 [[ 192, 369]],

 [[ 191, 369]],

 [[ 190, 369]],

 [[ 189, 369]],

 [[ 188, 369]],

 [[ 187, 369]],

 [[ 186, 369]],

 [[ 185, 369]],

 [[ 184, 368]],

 [[ 183, 368]],

 [[ 182, 368]],

 [[ 181, 368]],

 [[ 180, 368]],

 [[ 179, 368]],

 [[ 178, 368]],

 [[ 177, 368]],

 [[ 176, 368]],

 [[ 175, 368]],

 [[ 174, 368]],

 [[ 173, 368]],

 [[ 172, 368]],

 [[ 171, 367]],

 [[ 170, 367]],

 [[ 169, 367]],

 [[ 168, 367]],

 [[ 167, 367]],

 [[ 166, 367]],

 [[ 165, 367]],

 [[ 164, 367]],

 [[ 163, 367]],

 [[ 162, 367]],

 [[ 161, 367]],

 [[ 160, 367]],

 [[ 159, 367]],

 [[ 158, 367]],

 [[ 157, 366]],

 [[ 156, 366]],

 [[ 155, 366]],

 [[ 154, 366]],

 [[ 153, 366]],

 [[ 152, 366]],

 [[ 151, 366]],

 [[ 150, 366]],

 [[ 149, 366]],

 [[ 148, 366]],

 [[ 147, 366]],

 [[ 146, 366]],

 [[ 145, 366]],

 [[ 144, 366]],

 [[ 143, 366]],

 [[ 142, 365]],

 [[ 141, 365]],

 [[ 140, 365]],

 [[ 139, 365]],

 [[ 138, 365]],

 [[ 137, 365]],

 [[ 136, 365]],

 [[ 135, 365]],

 [[ 134, 365]],

 [[ 133, 365]],

 [[ 132, 365]],

 [[ 131, 365]],

 [[ 130, 365]],

 [[ 129, 365]],

 [[ 128, 365]],

 [[ 127, 364]],

 [[ 126, 364]],

 [[ 125, 364]],

 [[ 124, 364]],

 [[ 123, 364]],

 [[ 122, 364]],

 [[ 121, 364]],

 [[ 120, 364]],

 [[ 119, 364]],

 [[ 118, 364]],

 [[ 117, 364]],

 [[ 116, 364]],

 [[ 115, 364]],

 [[ 114, 364]],

 [[ 113, 364]],

 [[ 112, 364]],

 [[ 111, 364]],

 [[ 110, 364]],

 [[ 109, 364]],

 [[ 108, 364]],

 [[ 107, 364]],

 [[ 106, 364]],

 [[ 105, 364]],

 [[ 104, 363]],

 [[ 103, 363]],

 [[ 102, 363]],

 [[ 101, 363]],

 [[ 100, 363]],

 [[  99, 363]],

 [[  98, 363]],

 [[  97, 363]],

 [[  96, 363]],

 [[  95, 363]],

 [[  94, 363]],

 [[  93, 363]],

 [[  92, 362]],

 [[  91, 362]],

 [[  90, 362]],

 [[  89, 362]],

 [[  88, 362]],

 [[  87, 362]],

 [[  86, 362]],

 [[  85, 362]],

 [[  84, 362]],

 [[  83, 362]],

 [[  82, 362]],

 [[  81, 362]],

 [[  80, 362]],

 [[  79, 361]],

 [[  78, 361]],

 [[  77, 361]],

 [[  76, 361]],

 [[  75, 361]],

 [[  74, 361]],

 [[  73, 361]],

 [[  72, 361]],

 [[  71, 361]],

 [[  70, 361]],

 [[  69, 361]],

 [[  68, 361]],

 [[  67, 360]],

 [[  66, 360]],

 [[  65, 360]],

 [[  64, 360]],

 [[  63, 360]],

 [[  62, 360]],

 [[  61, 360]],

 [[  60, 360]],

 [[  59, 360]],

 [[  58, 360]],

 [[  57, 360]],

 [[  56, 360]],

 [[  55, 360]],

 [[  54, 359]],

 [[  53, 359]],

 [[  52, 359]],

 [[  51, 359]],

 [[  50, 359]],

 [[  49, 359]],

 [[  48, 359]],

 [[  47, 359]],

 [[  46, 359]],

 [[  45, 359]],

 [[  44, 359]],

 [[  43, 359]],

 [[  42, 359]],

 [[  41, 359]],

 [[  40, 359]],

 [[  39, 358]],

 [[  38, 358]],

 [[  37, 358]],

 [[  36, 359]],

 [[  35, 359]],

 [[  34, 359]],

 [[  33, 359]],

 [[  32, 359]],

 [[  31, 359]],

 [[  30, 359]],

 [[  29, 360]],

 [[  28, 360]],

 [[  27, 360]],

 [[  26, 360]],

 [[  25, 361]],

 [[  24, 362]],

 [[  23, 362]],

 [[  22, 363]],

 [[  21, 364]],

 [[  20, 365]],

 [[  20, 366]],

 [[  19, 367]],

 [[  19, 368]],

 [[  18, 369]],

 [[  18, 370]],

 [[  18, 371]],

 [[  18, 372]],

 [[  17, 373]],

 [[  17, 374]],

 [[  17, 375]],

 [[  17, 376]],

 [[  17, 377]],

 [[  17, 378]],

 [[  17, 379]],

 [[  17, 380]],

 [[  17, 381]],

 [[  17, 382]],

 [[  17, 383]],

 [[  16, 384]],

 [[  16, 385]],

 [[  17, 386]],

 [[  17, 387]],

 [[  17, 388]],

 [[  17, 389]],

 [[  16, 390]],

 [[  16, 391]],

 [[  16, 392]],

 [[  16, 393]],

 [[  16, 394]],

 [[  16, 395]],

 [[  16, 396]],

 [[  16, 397]],

 [[  16, 398]],

 [[  16, 399]],

 [[  16, 400]],

 [[  16, 401]],

 [[  16, 402]],

 [[  16, 403]],

 [[  16, 404]],

 [[  16, 405]],

 [[  16, 406]],

 [[  16, 407]],

 [[  16, 408]],

 [[  16, 409]],

 [[  16, 410]],

 [[  16, 411]],

 [[  16, 412]],

 [[  16, 413]],

 [[  15, 414]],

 [[  15, 415]],

 [[  15, 416]],

 [[  15, 417]],

 [[  15, 418]],

 [[  15, 419]],

 [[  15, 420]],

 [[  15, 421]],

 [[  15, 422]],

 [[  15, 423]],

 [[  15, 424]],

 [[  15, 425]],

 [[  15, 426]],

 [[  15, 427]],

 [[  15, 428]],

 [[  15, 429]],

 [[  15, 430]],

 [[  15, 431]],

 [[  15, 432]],

 [[  15, 433]],

 [[  15, 434]],

 [[  15, 435]],

 [[  15, 436]],

 [[  15, 437]],

 [[  15, 438]],

 [[  15, 439]],

 [[  15, 440]],

 [[  15, 441]],

 [[  14, 442]],

 [[  14, 443]],

 [[  14, 444]],

 [[  14, 445]],

 [[  14, 446]],

 [[  14, 447]],

 [[  14, 448]],

 [[  14, 449]],

 [[  14, 450]],

 [[  14, 451]],

 [[  14, 452]],

 [[  14, 453]],

 [[  14, 454]],

 [[  14, 455]],

 [[  14, 456]],

 [[  14, 457]],

 [[  14, 458]],

 [[  14, 459]],

 [[  14, 460]],

 [[  14, 461]],

 [[  14, 462]],

 [[  14, 463]],

 [[  14, 464]],

 [[  14, 465]],

 [[  14, 466]],

 [[  14, 467]],

 [[  14, 468]],

 [[  14, 469]],

 [[  14, 470]],

 [[  14, 471]],

 [[  14, 472]],

 [[  14, 473]],

 [[  14, 474]],

 [[  14, 475]],

 [[  14, 476]],

 [[  14, 477]],

 [[  13, 478]],

 [[  13, 479]],

 [[  13, 480]],

 [[  13, 481]],

 [[  13, 482]],

 [[  13, 483]],

 [[  13, 484]],

 [[  13, 485]],

 [[  13, 486]],

 [[  13, 487]],

 [[  13, 488]],

 [[  13, 489]],

 [[  13, 490]],

 [[  13, 491]],

 [[  13, 492]],

 [[  13, 493]],

 [[  13, 494]],

 [[  13, 495]],

 [[  13, 496]],

 [[  13, 497]],

 [[  13, 498]],

 [[  13, 499]],

 [[  13, 500]],

 [[  13, 501]],

 [[  13, 502]],

 [[  13, 503]],

 [[  13, 504]],

 [[  13, 505]],

 [[  13, 506]],

 [[  13, 507]],

 [[  13, 508]],

 [[  12, 509]],

 [[  12, 510]],

 [[  12, 511]],

 [[  12, 512]],

 [[  12, 513]],

 [[  12, 514]],

 [[  12, 515]],

 [[  12, 516]],

 [[  12, 517]],

 [[  12, 518]],

 [[  12, 519]],

 [[  12, 520]],

 [[  12, 521]],

 [[  12, 522]],

 [[  12, 523]],

 [[  12, 524]],

 [[  12, 525]],

 [[  12, 526]],

 [[  12, 527]],

 [[  12, 528]],

 [[  12, 529]],

 [[  13, 530]],

 [[  13, 531]],

 [[  12, 532]],

 [[  12, 533]],

 [[  12, 534]],

 [[  12, 535]],

 [[  12, 536]],

 [[  12, 537]],

 [[  12, 538]],

 [[  12, 539]],

 [[  12, 540]],

 [[  12, 541]],

 [[  12, 542]],

 [[  12, 543]],

 [[  12, 544]],

 [[  12, 545]],

 [[  12, 546]],

 [[  12, 547]],

 [[  12, 548]],

 [[  12, 549]],

 [[  12, 550]],

 [[  12, 551]],

 [[  12, 552]],

 [[  12, 553]],

 [[  12, 554]],

 [[  12, 555]],

 [[  12, 556]],

 [[  12, 557]],

 [[  12, 558]],

 [[  12, 559]],

 [[  12, 560]],

 [[  12, 561]],

 [[  12, 562]],

 [[  12, 563]],

 [[  12, 564]],

 [[  12, 565]],

 [[  12, 566]],

 [[  11, 567]],

 [[  11, 568]],

 [[  11, 569]],

 [[  11, 570]],

 [[  11, 571]],

 [[  11, 572]],

 [[  11, 573]],

 [[  11, 574]],

 [[  11, 575]],

 [[  11, 576]],

 [[  11, 577]],

 [[  11, 578]],

 [[  11, 579]],

 [[  10, 580]],

 [[  10, 581]],

 [[  10, 582]],

 [[  10, 583]],

 [[  10, 584]],

 [[  10, 585]],

 [[  10, 586]],

 [[  10, 587]],

 [[  10, 588]],

 [[  10, 589]],

 [[  10, 590]],

 [[  10, 591]],

 [[  10, 592]],

 [[  10, 593]],

 [[  10, 594]],

 [[  10, 595]],

 [[  10, 596]],

 [[  10, 597]],

 [[  10, 598]],

 [[  10, 599]],

 [[  10, 600]],

 [[  10, 601]],

 [[  10, 602]],

 [[   9, 603]],

 [[   9, 604]],

 [[   9, 605]],

 [[   9, 606]],

 [[   9, 607]],

 [[   9, 608]],

 [[   9, 609]],

 [[   9, 610]],

 [[   9, 611]],

 [[   9, 612]],

 [[   9, 613]],

 [[   9, 614]],

 [[   9, 615]],

 [[   9, 616]],

 [[   9, 617]],

 [[   9, 618]],

 [[   9, 619]],

 [[   9, 620]],

 [[   8, 621]],

 [[   8, 622]],

 [[   8, 623]],

 [[   8, 624]],

 [[   8, 625]],

 [[   8, 626]],

 [[   8, 627]],

 [[   8, 628]],

 [[   8, 629]],

 [[   8, 630]],

 [[   8, 631]],

 [[   8, 632]],

 [[   8, 633]],

 [[   8, 634]],

 [[   8, 635]],

 [[   8, 636]],

 [[   8, 637]],

 [[   8, 638]],

 [[   8, 639]],

 [[   8, 640]],

 [[   8, 641]],

 [[   8, 642]],

 [[   8, 643]],

 [[   8, 644]],

 [[   8, 645]],

 [[   8, 646]],

 [[   8, 647]],

 [[   8, 648]],

 [[   8, 649]],

 [[   8, 650]],

 [[   8, 651]],

 [[   8, 652]],

 [[   8, 653]],

 [[   8, 654]],

 [[   8, 655]],

 [[   8, 656]],

 [[   8, 657]],

 [[   8, 658]],

 [[   8, 659]],

 [[   8, 660]],

 [[   8, 661]],

 [[   8, 662]],

 [[   8, 663]],

 [[   8, 664]],

 [[   8, 665]],

 [[   8, 666]],

 [[   8, 667]],

 [[   8, 668]],

 [[   8, 669]],

 [[   8, 670]],

 [[   8, 671]],

 [[   8, 672]],

 [[   8, 673]],

 [[   8, 674]],

 [[   8, 675]],

 [[   8, 676]],

 [[   8, 677]],

 [[   8, 678]],

 [[   8, 679]],

 [[   8, 680]],

 [[   8, 681]],

 [[   7, 682]],

 [[   7, 683]],

 [[   7, 684]],

 [[   7, 685]],

 [[   7, 686]],

 [[   7, 687]],

 [[   7, 688]],

 [[   7, 689]],

 [[   7, 690]],

 [[   7, 691]],

 [[   7, 692]],

 [[   7, 693]],

 [[   7, 694]],

 [[   7, 695]],

 [[   7, 696]],

 [[   7, 697]],

 [[   7, 698]],

 [[   7, 699]],

 [[   7, 700]],

 [[   7, 701]],

 [[   7, 702]],

 [[   7, 703]],

 [[   7, 704]],

 [[   7, 705]],

 [[   7, 706]],

 [[   7, 707]],

 [[   7, 708]],

 [[   7, 709]],

 [[   7, 710]],

 [[   7, 711]],

 [[   7, 712]],

 [[   7, 713]],

 [[   7, 714]],

 [[   7, 715]],

 [[   7, 716]],

 [[   7, 717]],

 [[   7, 718]],

 [[   7, 719]],

 [[   7, 720]],

 [[   7, 721]],

 [[   7, 722]],

 [[   7, 723]],

 [[   7, 724]],

 [[   7, 725]],

 [[   7, 726]],

 [[   7, 727]],

 [[   7, 728]],

 [[   7, 729]],

 [[   7, 730]],

 [[   7, 731]],

 [[   7, 732]],

 [[   7, 733]],

 [[   7, 734]],

 [[   6, 735]],

 [[   6, 736]],

 [[   6, 737]],

 [[   6, 738]],

 [[   6, 739]],

 [[   6, 740]],

 [[   6, 741]],

 [[   6, 742]],

 [[   6, 743]],

 [[   6, 744]],

 [[   6, 745]],

 [[   6, 746]],

 [[   6, 747]],

 [[   6, 748]],

 [[   6, 749]],

 [[   6, 750]],

 [[   6, 751]],

 [[   6, 752]],

 [[   6, 753]],

 [[   6, 754]],

 [[   6, 755]],

 [[   6, 756]],

 [[   6, 757]],

 [[   6, 758]],

 [[   6, 759]],

 [[   6, 760]],

 [[   6, 761]],

 [[   6, 762]],

 [[   6, 763]],

 [[   6, 764]],

 [[   6, 765]],

 [[   6, 766]],

 [[   6, 767]],

 [[   6, 768]],

 [[   6, 769]],

 [[   6, 770]],

 [[   6, 771]],

 [[   6, 772]],

 [[   6, 773]],

 [[   6, 774]],

 [[   6, 775]],

 [[   6, 776]],

 [[   6, 777]],

 [[   6, 778]],

 [[   6, 779]],

 [[   6, 780]],

 [[   6, 781]],

 [[   6, 782]],

 [[   6, 783]],

 [[   6, 784]],

 [[   6, 785]],

 [[   6, 786]],

 [[   6, 787]],

 [[   6, 788]],

 [[   6, 789]],

 [[   6, 790]],

 [[   6, 791]],

 [[   6, 792]],

 [[   6, 793]],

 [[   6, 794]],

 [[   6, 795]],

 [[   6, 796]],

 [[   5, 797]],

 [[   5, 798]],

 [[   5, 799]],

 [[   5, 800]],

 [[   5, 801]],

 [[   5, 802]],

 [[   5, 803]],

 [[   5, 804]],

 [[   5, 805]],

 [[   5, 806]],

 [[   5, 807]],

 [[   5, 808]],

 [[   5, 809]],

 [[   5, 810]],

 [[   5, 811]],

 [[   4, 812]],

 [[   4, 813]],

 [[   4, 814]],

 [[   4, 815]],

 [[   4, 816]],

 [[   4, 817]],

 [[   4, 818]],

 [[   4, 819]],

 [[   4, 820]],

 [[   4, 821]],

 [[   4, 822]],

 [[   4, 823]],

 [[   4, 824]],

 [[   4, 825]],

 [[   4, 826]],

 [[   4, 827]],

 [[   4, 828]],

 [[   4, 829]],

 [[   4, 830]],

 [[   3, 831]],

 [[   3, 832]],

 [[   3, 833]],

 [[   3, 834]],

 [[   3, 835]],

 [[   3, 836]],

 [[   3, 837]],

 [[   3, 838]],

 [[   3, 839]],

 [[   3, 840]],

 [[   3, 841]],

 [[   3, 842]],

 [[   3, 843]],

 [[   3, 844]],

 [[   3, 845]],

 [[   3, 846]],

 [[   3, 847]],

 [[   3, 848]],

 [[   3, 849]],

 [[   3, 850]],

 [[   2, 851]],

 [[   2, 852]],

 [[   2, 853]],

 [[   2, 854]],

 [[   2, 855]],

 [[   2, 856]],

 [[   2, 857]],

 [[   3, 858]],

 [[   3, 859]],

 [[   2, 860]],

 [[   2, 861]],

 [[   2, 862]],

 [[   2, 863]],

 [[   2, 864]],

 [[   2, 865]],

 [[   2, 866]],

 [[   2, 867]],

 [[   2, 868]],

 [[   2, 869]],

 [[   2, 870]],

 [[   2, 871]],

 [[   2, 872]],

 [[   2, 873]],

 [[   2, 874]],

 [[   2, 875]],

 [[   2, 876]],

 [[   2, 877]],

 [[   2, 878]],

 [[   2, 879]],

 [[   2, 880]],

 [[   2, 881]],

 [[   2, 882]],

 [[   2, 883]],

 [[   2, 884]],

 [[   2, 885]],

 [[   2, 886]],

 [[   2, 887]],

 [[   2, 888]],

 [[   2, 889]],

 [[   2, 890]],

 [[   2, 891]],

 [[   2, 892]],

 [[   2, 893]],

 [[   2, 894]],

 [[   2, 895]],

 [[   2, 896]],

 [[   2, 897]],

 [[   2, 898]],

 [[   2, 899]],

 [[   2, 900]],

 [[   2, 901]],

 [[   2, 902]],

 [[   2, 903]],

 [[   2, 904]],

 [[   2, 905]],

 [[   2, 906]],

 [[   2, 907]],

 [[   2, 908]],

 [[   1, 909]],

 [[   1, 910]],

 [[   1, 911]],

 [[   1, 912]],

 [[   1, 913]],

 [[   1, 914]],

 [[   1, 915]],

 [[   1, 916]],

 [[   1, 917]],

 [[   1, 918]],

 [[   1, 919]],

 [[   1, 920]],

 [[   1, 921]],

 [[   1, 922]],

 [[   1, 923]],

 [[   1, 924]],

 [[   0, 925]],

 [[   0, 926]],

 [[   0, 927]],

 [[   0, 928]],

 [[   0, 929]],

 [[   0, 930]],

 [[   0, 931]],

 [[   0, 932]],

 [[   0, 933]],

 [[   0, 934]],

 [[   0, 935]],

 [[   0, 936]],

 [[   0, 937]],

 [[   0, 938]],

 [[   0, 939]],

 [[   0, 940]],

 [[   0, 941]],

 [[   0, 942]],

 [[   0, 943]],

 [[   0, 944]],

 [[   0, 945]],

 [[   0, 946]],

 [[   0, 947]],

 [[   0, 948]],

 [[   0, 949]],

 [[   0, 950]],

 [[   0, 951]],

 [[   0, 952]],

 [[   0, 953]],

 [[   0, 954]],

 [[   0, 955]],

 [[   0, 956]],

 [[   0, 957]],

 [[   0, 958]],

 [[   0, 959]],

 [[   0, 960]],

 [[   0, 961]],

 [[   0, 962]],

 [[   0, 963]],

 [[   0, 964]],

 [[   0, 965]],

 [[   0, 966]],

 [[   0, 967]],

 [[   0, 968]],

 [[   0, 969]],

 [[   0, 970]],

 [[   0, 971]],

 [[   0, 972]],

 [[   0, 973]],

 [[   0, 974]],

 [[   0, 975]],

 [[   0, 976]],

 [[   0, 977]],

 [[   0, 978]],

 [[   0, 979]],

 [[   0, 980]],

 [[   0, 981]],

 [[   0, 982]],

 [[   0, 983]],

 [[   0, 984]],

 [[   0, 985]],

 [[   0, 986]],

 [[   0, 987]],

 [[   0, 988]],

 [[   0, 989]],

 [[   0, 990]],

 [[   0, 991]],

 [[   0, 992]],

 [[   1, 993]],

 [[   0, 994]],

 [[   0, 995]],

 [[   0, 996]],

 [[   0, 997]],

 [[   0, 998]],

 [[   0, 999]],

 [[   0,1000]],

 [[   0,1001]],

 [[   0,1002]],

 [[   0,1003]],

 [[   0,1004]],

 [[   0,1005]],

 [[   0,1006]],

 [[   0,1007]],

 [[   0,1008]],

 [[   0,1009]],

 [[   0,1010]],

 [[   0,1011]],

 [[   0,1012]],

 [[   0,1013]],

 [[   0,1014]],

 [[   1,1015]],

 [[   1,1016]],

 [[   1,1017]],

 [[   1,1018]],

 [[   1,1019]],

 [[   1,1020]],

 [[   1,1021]],

 [[   1,1022]],

 [[   1,1023]],

 [[   1,1024]],

 [[   1,1025]],

 [[   1,1026]],

 [[   1,1027]],

 [[   1,1028]],

 [[   2,1029]],

 [[   2,1030]],

 [[   2,1031]],

 [[   2,1032]],

 [[   2,1033]],

 [[   2,1034]],

 [[   2,1035]],

 [[   2,1036]],

 [[   2,1037]],

 [[   2,1038]],

 [[   2,1039]],

 [[   2,1040]],

 [[   2,1041]],

 [[   2,1042]],

 [[   2,1043]],

 [[   2,1044]],

 [[   2,1045]],

 [[   2,1046]],

 [[   2,1047]],

 [[   2,1048]],

 [[   2,1049]],

 [[   2,1050]],

 [[   2,1051]],

 [[   2,1052]],

 [[   2,1053]],

 [[   2,1054]],

 [[   2,1055]],

 [[   2,1056]],

 [[   2,1057]],

 [[   2,1058]],

 [[   2,1059]],

 [[   2,1060]],

 [[   2,1061]],

 [[   2,1062]],

 [[   2,1063]],

 [[   2,1064]],

 [[   2,1065]],

 [[   3,1066]],

 [[   3,1067]],

 [[   3,1068]],

 [[   3,1069]],

 [[   3,1070]],

 [[   3,1071]],

 [[   3,1072]],

 [[   3,1073]],

 [[   3,1074]],

 [[   3,1075]],

 [[   3,1076]],

 [[   3,1077]],

 [[   4,1078]],

 [[   4,1079]],

 [[   4,1080]],

 [[   4,1081]],

 [[   4,1082]],

 [[   4,1083]],

 [[   4,1084]],

 [[   4,1085]],

 [[   5,1086]],

 [[   5,1087]],

 [[   5,1088]],

 [[   5,1089]],

 [[   5,1090]],

 [[   6,1091]],

 [[   6,1092]],

 [[   6,1093]],

 [[   6,1094]],

 [[   6,1095]],

 [[   7,1096]],

 [[   7,1097]],

 [[   7,1098]],

 [[   7,1099]],

 [[   7,1100]],

 [[   7,1101]],

 [[   7,1102]],

 [[   8,1103]],

 [[   8,1104]],

 [[   8,1105]],

 [[   8,1106]],

 [[   8,1107]],

 [[   8,1108]],

 [[   8,1109]],

 [[   9,1110]],

 [[   9,1111]],

 [[   9,1112]],

 [[   9,1113]],

 [[   9,1114]],

 [[   9,1115]],

 [[   9,1116]],

 [[  10,1117]],

 [[  10,1118]],

 [[  10,1119]],

 [[  10,1120]],

 [[  10,1121]],

 [[  10,1122]],

 [[  11,1123]],

 [[  11,1124]],

 [[  11,1125]],

 [[  11,1126]],

 [[  11,1127]],

 [[  12,1128]],

 [[  12,1129]],

 [[  12,1130]],

 [[  12,1131]],

 [[  12,1132]],

 [[  13,1133]],

 [[  13,1134]],

 [[  13,1135]],

 [[  13,1136]],

 [[  14,1137]],

 [[  14,1138]],

 [[  14,1139]],

 [[  14,1140]],

 [[  15,1141]],

 [[  15,1142]],

 [[  15,1143]],

 [[  16,1144]],

 [[  16,1145]],

 [[  16,1146]],

 [[  17,1147]],

 [[  17,1148]],

 [[  17,1149]],

 [[  18,1150]],

 [[  18,1151]],

 [[  19,1152]],

 [[  19,1153]],

 [[  20,1154]],

 [[  20,1155]],

 [[  21,1156]],

 [[  21,1157]],

 [[  22,1158]],

 [[  22,1159]],

 [[  22,1160]],

 [[  23,1161]],

 [[  24,1162]],

 [[  24,1163]],

 [[  25,1164]],

 [[  26,1165]],

 [[  26,1166]],

 [[  27,1167]],

 [[  27,1168]],

 [[  28,1169]],

 [[  28,1170]],

 [[  29,1171]],

 [[  30,1172]],

 [[  30,1173]],

 [[  31,1174]],

 [[  31,1175]],

 [[  32,1176]],

 [[  33,1177]],

 [[  33,1178]],

 [[  34,1179]],

 [[  35,1180]],

 [[  35,1181]],

 [[  36,1182]],

 [[  37,1183]],

 [[  37,1184]],

 [[  38,1185]],

 [[  39,1186]],

 [[  39,1187]],

 [[  40,1187]],

 [[  41,1188]],

 [[  41,1189]],

 [[  42,1190]],

 [[  43,1191]],

 [[  44,1192]],

 [[  45,1193]],

 [[  46,1194]],

 [[  47,1195]],

 [[  48,1196]],

 [[  49,1197]],

 [[  50,1198]],

 [[  51,1199]],

 [[  52,1200]],

 [[  53,1201]],

 [[  54,1202]],

 [[  55,1203]],

 [[  56,1204]],

 [[  57,1205]],

 [[  58,1205]],

 [[  59,1206]],

 [[  60,1207]],

 [[  61,1208]],

 [[  62,1209]],

 [[  63,1210]],

 [[  64,1210]],

 [[  65,1211]],

 [[  66,1212]],

 [[  67,1213]],

 [[  68,1213]],

 [[  69,1214]],

 [[  70,1215]],

 [[  71,1216]],

 [[  72,1216]],

 [[  73,1217]],

 [[  74,1218]],

 [[  75,1218]],

 [[  76,1219]],

 [[  77,1219]],

 [[  78,1220]],

 [[  79,1221]],

 [[  80,1221]],

 [[  81,1222]],

 [[  82,1222]],

 [[  83,1223]],

 [[  84,1223]],

 [[  85,1224]],

 [[  86,1224]],

 [[  87,1225]],

 [[  88,1225]],

 [[  89,1225]],

 [[  90,1226]],

 [[  91,1226]],

 [[  92,1227]],

 [[  93,1227]],

 [[  94,1227]],

 [[  95,1228]],

 [[  96,1228]],

 [[  97,1229]],

 [[  98,1229]],

 [[  99,1229]],

 [[ 100,1230]],

 [[ 101,1230]],

 [[ 102,1230]],

 [[ 103,1231]],

 [[ 104,1231]],

 [[ 105,1231]],

 [[ 106,1232]],

 [[ 107,1232]],

 [[ 108,1232]],

 [[ 109,1232]],

 [[ 110,1233]],

 [[ 111,1233]],

 [[ 112,1233]],

 [[ 113,1234]],

 [[ 114,1234]],

 [[ 115,1234]],

 [[ 116,1234]],

 [[ 117,1235]],

 [[ 118,1235]],

 [[ 119,1235]],

 [[ 120,1235]],

 [[ 121,1236]],

 [[ 122,1236]],

 [[ 123,1236]],

 [[ 124,1237]],

 [[ 125,1237]],

 [[ 126,1237]],

 [[ 127,1237]],

 [[ 128,1238]],

 [[ 129,1238]],

 [[ 130,1238]],

 [[ 131,1238]],

 [[ 132,1239]],

 [[ 133,1239]],

 [[ 134,1239]],

 [[ 135,1239]],

 [[ 136,1240]],

 [[ 137,1240]],

 [[ 138,1240]],

 [[ 139,1240]],

 [[ 140,1241]],

 [[ 141,1241]],

 [[ 142,1241]],

 [[ 143,1241]],

 [[ 144,1241]],

 [[ 145,1242]],

 [[ 146,1242]],

 [[ 147,1242]],

 [[ 148,1242]],

 [[ 149,1242]],

 [[ 150,1243]],

 [[ 151,1243]],

 [[ 152,1243]],

 [[ 153,1243]],

 [[ 154,1243]],

 [[ 155,1243]],

 [[ 156,1243]],

 [[ 157,1244]],

 [[ 158,1244]],

 [[ 159,1244]],

 [[ 160,1244]],

 [[ 161,1244]],

 [[ 162,1245]],

 [[ 163,1245]],

 [[ 164,1245]],

 [[ 165,1245]],

 [[ 166,1245]],

 [[ 167,1245]],

 [[ 168,1246]],

 [[ 169,1246]],

 [[ 170,1246]],

 [[ 171,1246]],

 [[ 172,1246]],

 [[ 173,1247]],

 [[ 174,1247]],

 [[ 175,1247]],

 [[ 176,1247]],

 [[ 177,1247]],

 [[ 178,1247]],

 [[ 179,1247]],

 [[ 180,1247]],

 [[ 181,1248]],

 [[ 182,1248]],

 [[ 183,1248]],

 [[ 184,1248]],

 [[ 185,1248]],

 [[ 186,1248]],

 [[ 187,1249]],

 [[ 188,1249]],

 [[ 189,1249]],

 [[ 190,1249]],

 [[ 191,1249]],

 [[ 192,1249]],

 [[ 193,1249]],

 [[ 194,1250]],

 [[ 195,1250]],

 [[ 196,1250]],

 [[ 197,1250]],

 [[ 198,1250]],

 [[ 199,1250]],

 [[ 200,1250]],

 [[ 201,1250]],

 [[ 202,1250]],

 [[ 203,1250]],

 [[ 204,1250]],

 [[ 205,1251]],

 [[ 206,1251]],

 [[ 207,1251]],

 [[ 208,1251]],

 [[ 209,1251]],

 [[ 210,1251]],

 [[ 211,1251]],

 [[ 212,1251]],

 [[ 213,1251]],

 [[ 214,1251]],

 [[ 215,1251]],

 [[ 216,1251]],

 [[ 217,1251]],

 [[ 218,1251]],

 [[ 219,1251]],

 [[ 220,1251]],

 [[ 221,1251]],

 [[ 222,1251]],

 [[ 223,1251]],

 [[ 224,1251]],

 [[ 225,1251]],

 [[ 226,1252]],

 [[ 227,1252]],

 [[ 228,1252]],

 [[ 229,1252]],

 [[ 230,1252]],

 [[ 231,1252]],

 [[ 232,1252]],

 [[ 233,1252]],

 [[ 234,1252]],

 [[ 235,1252]],

 [[ 236,1252]],

 [[ 237,1252]],

 [[ 238,1252]],

 [[ 239,1252]],

 [[ 240,1252]],

 [[ 241,1252]],

 [[ 242,1252]],

 [[ 243,1252]],

 [[ 244,1252]],

 [[ 245,1252]],

 [[ 246,1253]],

 [[ 247,1253]],

 [[ 248,1253]],

 [[ 249,1253]],

 [[ 250,1253]],

 [[ 251,1253]],

 [[ 252,1253]],

 [[ 253,1253]],

 [[ 254,1253]],

 [[ 255,1253]],

 [[ 256,1253]],

 [[ 257,1253]],

 [[ 258,1253]],

 [[ 259,1253]],

 [[ 260,1253]],

 [[ 261,1253]],

 [[ 262,1253]],

 [[ 263,1253]],

 [[ 264,1253]],

 [[ 265,1253]],

 [[ 266,1253]],

 [[ 267,1253]],

 [[ 268,1253]],

 [[ 269,1253]],

 [[ 270,1253]],

 [[ 271,1253]],

 [[ 272,1254]],

 [[ 273,1254]],

 [[ 274,1254]],

 [[ 275,1254]],

 [[ 276,1254]],

 [[ 277,1254]],

 [[ 278,1254]],

 [[ 279,1254]],

 [[ 280,1254]],

 [[ 281,1254]],

 [[ 282,1254]],

 [[ 283,1254]],

 [[ 284,1254]],

 [[ 285,1254]],

 [[ 286,1254]],

 [[ 287,1254]],

 [[ 288,1254]],

 [[ 289,1254]],

 [[ 290,1255]],

 [[ 291,1255]],

 [[ 292,1255]],

 [[ 293,1255]],

 [[ 294,1255]],

 [[ 295,1255]],

 [[ 296,1255]],

 [[ 297,1255]],

 [[ 298,1255]],

 [[ 299,1255]],

 [[ 300,1255]],

 [[ 301,1255]],

 [[ 302,1255]],

 [[ 303,1255]],

 [[ 304,1255]],

 [[ 305,1255]],

 [[ 306,1255]],

 [[ 307,1255]],

 [[ 308,1255]],

 [[ 309,1255]],

 [[ 310,1255]],

 [[ 311,1255]],

 [[ 312,1255]],

 [[ 313,1255]],

 [[ 314,1255]],

 [[ 315,1255]],

 [[ 316,1255]],

 [[ 317,1255]],

 [[ 318,1255]],

 [[ 319,1255]],

 [[ 320,1255]],

 [[ 321,1255]],

 [[ 322,1255]],

 [[ 323,1255]],

 [[ 324,1255]],

 [[ 325,1255]],

 [[ 326,1255]],

 [[ 327,1255]],

 [[ 328,1255]],

 [[ 329,1256]],

 [[ 330,1256]],

 [[ 331,1256]],

 [[ 332,1256]],

 [[ 333,1256]],

 [[ 334,1256]],

 [[ 335,1256]],

 [[ 336,1256]],

 [[ 337,1256]],

 [[ 338,1256]],

 [[ 339,1256]],

 [[ 340,1256]],

 [[ 341,1256]],

 [[ 342,1256]],

 [[ 343,1256]],

 [[ 344,1256]],

 [[ 345,1257]],

 [[ 346,1257]],

 [[ 347,1257]],

 [[ 348,1257]],

 [[ 349,1257]],

 [[ 350,1257]],

 [[ 351,1257]],

 [[ 352,1257]],

 [[ 353,1257]],

 [[ 354,1257]],

 [[ 355,1257]],

 [[ 356,1257]],

 [[ 357,1257]],

 [[ 358,1257]],

 [[ 359,1257]],

 [[ 360,1257]],

 [[ 361,1257]],

 [[ 362,1257]],

 [[ 363,1257]],

 [[ 364,1257]],

 [[ 365,1257]],

 [[ 366,1257]],

 [[ 367,1257]],

 [[ 368,1257]],

 [[ 369,1257]],

 [[ 370,1257]],

 [[ 371,1257]],

 [[ 372,1257]],

 [[ 373,1257]],

 [[ 374,1257]],

 [[ 375,1257]],

 [[ 376,1257]],

 [[ 377,1257]],

 [[ 378,1257]],

 [[ 379,1257]],

 [[ 380,1257]],

 [[ 381,1257]],

 [[ 382,1257]],

 [[ 383,1257]],

 [[ 384,1258]],

 [[ 385,1258]],

 [[ 386,1258]],

 [[ 387,1258]],

 [[ 388,1258]],

 [[ 389,1258]],

 [[ 390,1258]],

 [[ 391,1258]],

 [[ 392,1258]],

 [[ 393,1258]],

 [[ 394,1258]],

 [[ 395,1258]],

 [[ 396,1258]],

 [[ 397,1258]],

 [[ 398,1258]],

 [[ 399,1258]],

 [[ 400,1258]],

 [[ 401,1258]],

 [[ 402,1258]],

 [[ 403,1258]],

 [[ 404,1258]],

 [[ 405,1259]],

 [[ 406,1259]],

 [[ 407,1259]],

 [[ 408,1258]],

 [[ 409,1259]],

 [[ 410,1259]],

 [[ 411,1259]],

 [[ 412,1259]],

 [[ 413,1259]],

 [[ 414,1259]],

 [[ 415,1259]],

 [[ 416,1259]],

 [[ 417,1259]],

 [[ 418,1259]],

 [[ 419,1259]],

 [[ 420,1259]],

 [[ 421,1259]],

 [[ 422,1259]],

 [[ 423,1259]],

 [[ 424,1259]],

 [[ 425,1259]],

 [[ 426,1259]],

 [[ 427,1259]],

 [[ 428,1259]],

 [[ 429,1259]],

 [[ 430,1259]],

 [[ 431,1259]],

 [[ 432,1259]],

 [[ 433,1259]],

 [[ 434,1259]],

 [[ 435,1259]],

 [[ 436,1259]],

 [[ 437,1259]],

 [[ 438,1259]],

 [[ 439,1259]],

 [[ 440,1259]],

 [[ 441,1259]],

 [[ 442,1259]],

 [[ 443,1259]],

 [[ 444,1259]],

 [[ 445,1259]],

 [[ 446,1259]],

 [[ 447,1259]],

 [[ 448,1259]],

 [[ 449,1259]],

 [[ 450,1259]],

 [[ 451,1259]],

 [[ 452,1259]],

 [[ 453,1259]],

 [[ 454,1259]],

 [[ 455,1259]],

 [[ 456,1259]],

 [[ 457,1259]],

 [[ 458,1259]],

 [[ 459,1260]],

 [[ 460,1260]],

 [[ 461,1260]],

 [[ 462,1260]],

 [[ 463,1260]],

 [[ 464,1260]],

 [[ 465,1260]],

 [[ 466,1260]],

 [[ 467,1260]],

 [[ 468,1260]],

 [[ 469,1260]],

 [[ 470,1260]],

 [[ 471,1260]],

 [[ 472,1260]],

 [[ 473,1260]],

 [[ 474,1260]],

 [[ 475,1260]],

 [[ 476,1260]],

 [[ 477,1261]],

 [[ 478,1261]],

 [[ 479,1261]],

 [[ 480,1261]],

 [[ 481,1261]],

 [[ 482,1261]],

 [[ 483,1261]],

 [[ 484,1261]],

 [[ 485,1261]],

 [[ 486,1261]],

 [[ 487,1261]],

 [[ 488,1261]],

 [[ 489,1261]],

 [[ 490,1261]],

 [[ 491,1261]],

 [[ 492,1261]],

 [[ 493,1261]],

 [[ 494,1261]],

 [[ 495,1261]],

 [[ 496,1261]],

 [[ 497,1261]],

 [[ 498,1261]],

 [[ 499,1261]],

 [[ 500,1261]],

 [[ 501,1261]],

 [[ 502,1261]],

 [[ 503,1261]],

 [[ 504,1261]],

 [[ 505,1262]],

 [[ 506,1262]],

 [[ 507,1262]],

 [[ 508,1262]],

 [[ 509,1262]],

 [[ 510,1262]],

 [[ 511,1262]],

 [[ 512,1262]],

 [[ 513,1262]],

 [[ 514,1262]],

 [[ 515,1262]],

 [[ 516,1262]],

 [[ 517,1262]],

 [[ 518,1262]],

 [[ 519,1262]],

 [[ 520,1262]],

 [[ 521,1262]],

 [[ 522,1262]],

 [[ 523,1263]],

 [[ 524,1263]],

 [[ 525,1263]],

 [[ 526,1263]],

 [[ 527,1263]],

 [[ 528,1263]],

 [[ 529,1263]],

 [[ 530,1263]],

 [[ 531,1263]],

 [[ 532,1263]],

 [[ 533,1263]],

 [[ 534,1263]],

 [[ 535,1263]],

 [[ 536,1263]],

 [[ 537,1263]],

 [[ 538,1263]],

 [[ 539,1263]],

 [[ 540,1263]],

 [[ 541,1263]],

 [[ 542,1263]],

 [[ 543,1263]],

 [[ 544,1263]],

 [[ 545,1263]],

 [[ 546,1263]],

 [[ 547,1263]],

 [[ 548,1263]],

 [[ 549,1263]],

 [[ 550,1263]],

 [[ 551,1263]],

 [[ 552,1263]],

 [[ 553,1263]],

 [[ 554,1263]],

 [[ 555,1263]],

 [[ 556,1263]],

 [[ 557,1263]],

 [[ 558,1263]],

 [[ 559,1263]],

 [[ 560,1263]],

 [[ 561,1263]],

 [[ 562,1263]],

 [[ 563,1263]],

 [[ 564,1263]],

 [[ 565,1263]],

 [[ 566,1263]],

 [[ 567,1263]],

 [[ 568,1263]],

 [[ 569,1263]],

 [[ 570,1263]],

 [[ 571,1263]],

 [[ 572,1263]],

 [[ 573,1263]],

 [[ 574,1264]],

 [[ 575,1264]],

 [[ 576,1264]],

 [[ 577,1264]],

 [[ 578,1264]],

 [[ 579,1264]],

 [[ 580,1264]],

 [[ 581,1264]],

 [[ 582,1264]],

 [[ 583,1264]],

 [[ 584,1264]],

 [[ 585,1264]],

 [[ 586,1264]],

 [[ 587,1264]],

 [[ 588,1264]],

 [[ 589,1264]],

 [[ 590,1264]],

 [[ 591,1265]],

 [[ 592,1264]],

 [[ 593,1265]],

 [[ 594,1265]],

 [[ 595,1265]],

 [[ 596,1265]],

 [[ 597,1265]],

 [[ 598,1265]],

 [[ 599,1265]],

 [[ 600,1265]],

 [[ 601,1265]],

 [[ 602,1265]],

 [[ 603,1265]],

 [[ 604,1265]],

 [[ 605,1265]],

 [[ 606,1265]],

 [[ 607,1265]],

 [[ 608,1265]],

 [[ 609,1265]],

 [[ 610,1265]],

 [[ 611,1265]],

 [[ 612,1265]],

 [[ 613,1265]],

 [[ 614,1265]],

 [[ 615,1265]],

 [[ 616,1265]],

 [[ 617,1265]],

 [[ 618,1265]],

 [[ 619,1265]],

 [[ 620,1265]],

 [[ 621,1265]],

 [[ 622,1265]],

 [[ 623,1265]],

 [[ 624,1265]],

 [[ 625,1265]],

 [[ 626,1265]],

 [[ 627,1265]],

 [[ 628,1266]],

 [[ 629,1266]],

 [[ 630,1266]],

 [[ 631,1266]],

 [[ 632,1266]],

 [[ 633,1266]],

 [[ 634,1266]],

 [[ 635,1266]],

 [[ 636,1266]],

 [[ 637,1266]],

 [[ 638,1266]],

 [[ 639,1267]],

 [[ 640,1266]],

 [[ 641,1266]],

 [[ 642,1267]],

 [[ 643,1267]],

 [[ 644,1267]],

 [[ 645,1267]],

 [[ 646,1267]],

 [[ 647,1267]],

 [[ 648,1267]],

 [[ 649,1267]],

 [[ 650,1267]],

 [[ 651,1267]],

 [[ 652,1267]],

 [[ 653,1267]],

 [[ 654,1267]],

 [[ 655,1267]],

 [[ 656,1267]],

 [[ 657,1267]],

 [[ 658,1267]],

 [[ 659,1267]],

 [[ 660,1267]],

 [[ 661,1267]],

 [[ 662,1267]],

 [[ 663,1268]],

 [[ 664,1268]],

 [[ 665,1268]],

 [[ 666,1268]],

 [[ 667,1268]],

 [[ 668,1268]],

 [[ 669,1268]],

 [[ 670,1268]],

 [[ 671,1268]],

 [[ 672,1268]],

 [[ 673,1268]],

 [[ 674,1268]],

 [[ 675,1268]],

 [[ 676,1268]],

 [[ 677,1268]],

 [[ 678,1268]],

 [[ 679,1269]],

 [[ 680,1268]],

 [[ 681,1268]],

 [[ 682,1268]],

 [[ 683,1269]],

 [[ 684,1269]],

 [[ 685,1269]],

 [[ 686,1269]],

 [[ 687,1269]],

 [[ 688,1269]],

 [[ 689,1269]],

 [[ 690,1269]],

 [[ 691,1269]],

 [[ 692,1269]],

 [[ 693,1269]],

 [[ 694,1269]],

 [[ 695,1269]],

 [[ 696,1269]],

 [[ 697,1269]],

 [[ 698,1269]],

 [[ 699,1269]],

 [[ 700,1269]],

 [[ 701,1269]],

 [[ 702,1269]],

 [[ 703,1269]],

 [[ 704,1269]],

 [[ 705,1269]],

 [[ 706,1269]],

 [[ 707,1269]],

 [[ 708,1269]],

 [[ 709,1269]],

 [[ 710,1269]],

 [[ 711,1270]],

 [[ 712,1270]],

 [[ 713,1270]],

 [[ 714,1270]],

 [[ 715,1270]],

 [[ 716,1270]],

 [[ 717,1270]],

 [[ 718,1270]],

 [[ 719,1270]],

 [[ 720,1270]],

 [[ 721,1270]],

 [[ 722,1270]],

 [[ 723,1270]],

 [[ 724,1270]],

 [[ 725,1270]],

 [[ 726,1270]],

 [[ 727,1270]],

 [[ 728,1270]],

 [[ 729,1270]],

 [[ 730,1270]],

 [[ 731,1270]],

 [[ 732,1270]],

 [[ 733,1270]],

 [[ 734,1270]],

 [[ 735,1270]],

 [[ 736,1271]],

 [[ 737,1271]],

 [[ 738,1271]],

 [[ 739,1271]],

 [[ 740,1271]],

 [[ 741,1271]],

 [[ 742,1271]],

 [[ 743,1271]],

 [[ 744,1271]],

 [[ 745,1271]],

 [[ 746,1271]],

 [[ 747,1271]],

 [[ 748,1271]],

 [[ 749,1271]],

 [[ 750,1271]],

 [[ 751,1271]],

 [[ 752,1271]],

 [[ 753,1271]],

 [[ 754,1271]],

 [[ 755,1271]],

 [[ 756,1271]],

 [[ 757,1271]],

 [[ 758,1271]],

 [[ 759,1271]],

 [[ 760,1271]],

 [[ 761,1271]],

 [[ 762,1271]],

 [[ 763,1271]],

 [[ 764,1271]],

 [[ 765,1271]],

 [[ 766,1271]],

 [[ 767,1271]],

 [[ 768,1271]],

 [[ 769,1271]],

 [[ 770,1271]],

 [[ 771,1271]],

 [[ 772,1271]],

 [[ 773,1271]],

 [[ 774,1271]],

 [[ 775,1271]],

 [[ 776,1271]],

 [[ 777,1271]],

 [[ 778,1271]],

 [[ 779,1271]],

 [[ 780,1271]],

 [[ 781,1271]],

 [[ 782,1271]],

 [[ 783,1272]],

 [[ 784,1272]],

 [[ 785,1272]],

 [[ 786,1272]],

 [[ 787,1272]],

 [[ 788,1272]],

 [[ 789,1272]],

 [[ 790,1272]],

 [[ 791,1272]],

 [[ 792,1272]],

 [[ 793,1272]],

 [[ 794,1272]],

 [[ 795,1273]],

 [[ 796,1273]],

 [[ 797,1273]],

 [[ 798,1273]],

 [[ 799,1273]],

 [[ 800,1273]],

 [[ 801,1273]],

 [[ 802,1273]],

 [[ 803,1273]],

 [[ 804,1273]],

 [[ 805,1273]],

 [[ 806,1273]],

 [[ 807,1273]],

 [[ 808,1273]],

 [[ 809,1273]],

 [[ 810,1273]],

 [[ 811,1273]],

 [[ 812,1274]],

 [[ 813,1274]],

 [[ 814,1274]],

 [[ 815,1274]],

 [[ 816,1274]],

 [[ 817,1274]],

 [[ 818,1274]],

 [[ 819,1274]],

 [[ 820,1274]],

 [[ 821,1274]],

 [[ 822,1274]],

 [[ 823,1274]],

 [[ 824,1274]],

 [[ 825,1274]],

 [[ 826,1274]],

 [[ 827,1274]],

 [[ 828,1274]],

 [[ 829,1274]],

 [[ 830,1274]],

 [[ 831,1274]],

 [[ 832,1274]],

 [[ 833,1274]],

 [[ 834,1274]],

 [[ 835,1274]],

 [[ 836,1274]],

 [[ 837,1274]],

 [[ 838,1274]],

 [[ 839,1274]],

 [[ 840,1274]],

 [[ 841,1274]],

 [[ 842,1274]],

 [[ 843,1274]],

 [[ 844,1274]],

 [[ 845,1274]],

 [[ 846,1274]],

 [[ 847,1274]],

 [[ 848,1274]],

 [[ 849,1274]],

 [[ 850,1274]],

 [[ 851,1274]],

 [[ 852,1274]],

 [[ 853,1274]],

 [[ 854,1274]],

 [[ 855,1274]],

 [[ 856,1275]],

 [[ 857,1275]],

 [[ 858,1275]],

 [[ 859,1275]],

 [[ 860,1275]],

 [[ 861,1275]],

 [[ 862,1275]],

 [[ 863,1275]],

 [[ 864,1275]],

 [[ 865,1275]],

 [[ 866,1275]],

 [[ 867,1275]],

 [[ 868,1276]],

 [[ 869,1276]],

 [[ 870,1276]],

 [[ 871,1276]],

 [[ 872,1276]],

 [[ 873,1276]],

 [[ 874,1276]],

 [[ 875,1276]],

 [[ 876,1276]],

 [[ 877,1276]],

 [[ 878,1276]],

 [[ 879,1276]],

 [[ 880,1276]],

 [[ 881,1276]],

 [[ 882,1276]],

 [[ 883,1276]],

 [[ 884,1276]],

 [[ 885,1276]],

 [[ 886,1276]],

 [[ 887,1276]],

 [[ 888,1277]],

 [[ 889,1277]],

 [[ 890,1277]],

 [[ 891,1277]],

 [[ 892,1277]],

 [[ 893,1277]],

 [[ 894,1277]],

 [[ 895,1277]],

 [[ 896,1277]],

 [[ 897,1277]],

 [[ 898,1277]],

 [[ 899,1277]],

 [[ 900,1277]],

 [[ 901,1277]],

 [[ 902,1277]],

 [[ 903,1277]],

 [[ 904,1277]],

 [[ 905,1277]],

 [[ 906,1277]],

 [[ 907,1277]],

 [[ 908,1277]],

 [[ 909,1277]],

 [[ 910,1277]],

 [[ 911,1277]],

 [[ 912,1277]],

 [[ 913,1277]],

 [[ 914,1277]],

 [[ 915,1278]],

 [[ 916,1278]],

 [[ 917,1278]],

 [[ 918,1278]],

 [[ 919,1278]],

 [[ 920,1278]],

 [[ 921,1278]],

 [[ 922,1278]],

 [[ 923,1278]],

 [[ 924,1278]],

 [[ 925,1278]],

 [[ 926,1278]],

 [[ 927,1278]],

 [[ 928,1278]],

 [[ 929,1279]],

 [[ 930,1279]],

 [[ 931,1279]],

 [[ 932,1279]],

 [[ 933,1279]],

 [[ 934,1279]],

 [[ 935,1279]],

 [[ 936,1279]],

 [[ 937,1279]],

 [[ 938,1279]],

 [[ 939,1279]],

 [[ 940,1279]],

 [[ 941,1279]],

 [[ 942,1279]],

 [[ 943,1279]],

 [[ 944,1279]],

 [[ 945,1279]],

 [[ 946,1279]],

 [[ 947,1279]],

 [[ 948,1279]],

 [[ 949,1279]],

 [[ 950,1279]],

 [[ 951,1279]],

 [[ 952,1279]],

 [[ 953,1279]],

 [[ 954,1279]],

 [[ 955,1279]],

 [[ 956,1279]],

 [[ 957,1279]],

 [[ 958,1279]],

 [[ 959,1279]],

 [[ 960,1279]],

 [[ 961,1279]],

 [[ 962,1279]],

 [[ 963,1279]],

 [[ 964,1279]],

 [[ 965,1279]],

 [[ 966,1279]],

 [[ 967,1279]],

 [[ 968,1279]],

 [[ 969,1279]],

 [[ 970,1280]],

 [[ 971,1280]],

 [[ 972,1280]],

 [[ 973,1280]],

 [[ 974,1280]],

 [[ 975,1280]],

 [[ 976,1280]],

 [[ 977,1280]],

 [[ 978,1280]],

 [[ 979,1280]],

 [[ 980,1280]],

 [[ 981,1280]],

 [[ 982,1280]],

 [[ 983,1280]],

 [[ 984,1280]],

 [[ 985,1280]],

 [[ 986,1280]],

 [[ 987,1281]],

 [[ 988,1281]],

 [[ 989,1281]],

 [[ 990,1281]],

 [[ 991,1281]],

 [[ 992,1281]],

 [[ 993,1281]],

 [[ 994,1281]],

 [[ 995,1281]],

 [[ 996,1281]],

 [[ 997,1281]],

 [[ 998,1281]],

 [[ 999,1281]],

 [[1000,1281]],

 [[1001,1281]],

 [[1002,1281]],

 [[1003,1281]],

 [[1004,1281]],

 [[1005,1281]],

 [[1006,1281]],

 [[1007,1281]],

 [[1008,1281]],

 [[1009,1281]],

 [[1010,1281]],

 [[1011,1281]],

 [[1012,1281]],

 [[1013,1281]],

 [[1014,1281]],

 [[1015,1281]],

 [[1016,1282]],

 [[1017,1282]],

 [[1018,1282]],

 [[1019,1282]],

 [[1020,1282]],

 [[1021,1282]],

 [[1022,1282]],

 [[1023,1282]],

 [[1024,1282]],

 [[1025,1282]],

 [[1026,1282]],

 [[1027,1282]],

 [[1028,1282]],

 [[1029,1282]],

 [[1030,1282]],

 [[1031,1282]],

 [[1032,1283]],

 [[1033,1283]],

 [[1034,1283]],

 [[1035,1283]],

 [[1036,1283]],

 [[1037,1283]],

 [[1038,1283]],

 [[1039,1283]],

 [[1040,1283]],

 [[1041,1283]],

 [[1042,1283]],

 [[1043,1283]],

 [[1044,1283]],

 [[1045,1283]],

 [[1046,1283]],

 [[1047,1283]],

 [[1048,1283]],

 [[1049,1283]],

 [[1050,1283]],

 [[1051,1284]],

 [[1052,1284]],

 [[1053,1284]],

 [[1054,1284]],

 [[1055,1284]],

 [[1056,1284]],

 [[1057,1284]],

 [[1058,1284]],

 [[1059,1284]],

 [[1060,1284]],

 [[1061,1284]],

 [[1062,1284]],

 [[1063,1284]],

 [[1064,1284]],

 [[1065,1284]],

 [[1066,1284]],

 [[1067,1284]],

 [[1068,1285]],

 [[1069,1285]],

 [[1070,1285]],

 [[1071,1285]],

 [[1072,1285]],

 [[1073,1285]],

 [[1074,1285]],

 [[1075,1285]],

 [[1076,1285]],

 [[1077,1284]],

 [[1078,1284]],

 [[1079,1284]],

 [[1080,1284]],

 [[1081,1284]],

 [[1082,1284]],

 [[1083,1284]],

 [[1084,1284]],

 [[1085,1284]],

 [[1086,1283]],

 [[1087,1283]],

 [[1088,1283]],

 [[1089,1283]],

 [[1090,1282]],

 [[1091,1282]],

 [[1092,1281]],

 [[1093,1280]],

 [[1094,1280]],

 [[1094,1279]],

 [[1095,1278]],

 [[1096,1277]],

 [[1096,1276]],

 [[1097,1275]],

 [[1097,1274]],

 [[1097,1273]],

 [[1098,1272]],

 [[1098,1271]],

 [[1098,1270]],

 [[1098,1269]],

 [[1098,1268]],

 [[1098,1267]],

 [[1099,1266]],

 [[1099,1265]],

 [[1099,1264]],

 [[1099,1263]],

 [[1099,1262]],

 [[1099,1261]],

 [[1099,1260]],

 [[1099,1259]],

 [[1099,1258]],

 [[1099,1257]],

 [[1099,1256]],

 [[1098,1255]],

 [[1098,1254]],

 [[1098,1253]],

 [[1098,1252]],

 [[1098,1251]],

 [[1098,1250]],

 [[1098,1249]],

 [[1098,1248]],

 [[1098,1247]],

 [[1098,1246]],

 [[1098,1245]],

 [[1098,1244]],

 [[1098,1243]],

 [[1098,1242]],

 [[1098,1241]],

 [[1098,1240]],

 [[1099,1239]],

 [[1099,1238]],

 [[1099,1237]],

 [[1099,1236]],

 [[1099,1235]],

 [[1099,1234]],

 [[1099,1233]],

 [[1099,1232]],

 [[1099,1231]],

 [[1099,1230]],

 [[1099,1229]],

 [[1099,1228]],

 [[1100,1227]],

 [[1100,1226]],

 [[1100,1225]],

 [[1100,1224]],

 [[1100,1223]],

 [[1100,1222]],

 [[1100,1221]],

 [[1100,1220]],

 [[1100,1219]],

 [[1101,1218]],

 [[1101,1217]],

 [[1101,1216]],

 [[1101,1215]],

 [[1101,1214]],

 [[1101,1213]],

 [[1101,1212]],

 [[1101,1211]],

 [[1101,1210]],

 [[1101,1209]],

 [[1101,1208]],

 [[1101,1207]],

 [[1101,1206]],

 [[1101,1205]],

 [[1101,1204]],

 [[1101,1203]],

 [[1101,1202]],

 [[1101,1201]],

 [[1101,1200]],

 [[1101,1199]],

 [[1101,1198]],

 [[1101,1197]],

 [[1101,1196]],

 [[1101,1195]],

 [[1101,1194]],

 [[1101,1193]],

 [[1101,1192]],

 [[1101,1191]],

 [[1101,1190]],

 [[1101,1189]],

 [[1102,1188]],

 [[1102,1187]],

 [[1102,1186]],

 [[1102,1185]],

 [[1102,1184]],

 [[1102,1183]],

 [[1102,1182]],

 [[1102,1181]],

 [[1102,1180]],

 [[1102,1179]],

 [[1102,1178]],

 [[1102,1177]],

 [[1102,1176]],

 [[1102,1175]],

 [[1103,1174]],

 [[1102,1173]],

 [[1102,1172]],

 [[1103,1171]],

 [[1103,1170]],

 [[1103,1169]],

 [[1103,1168]],

 [[1103,1167]],

 [[1103,1166]],

 [[1103,1165]],

 [[1103,1164]],

 [[1103,1163]],

 [[1103,1162]],

 [[1103,1161]],

 [[1103,1160]],

 [[1103,1159]],

 [[1103,1158]],

 [[1103,1157]],

 [[1103,1156]],

 [[1103,1155]],

 [[1103,1154]],

 [[1103,1153]],

 [[1104,1152]],

 [[1104,1151]],

 [[1104,1150]],

 [[1104,1149]],

 [[1104,1148]],

 [[1104,1147]],

 [[1104,1146]],

 [[1105,1145]],

 [[1105,1144]],

 [[1105,1143]],

 [[1105,1142]],

 [[1105,1141]],

 [[1105,1140]],

 [[1105,1139]],

 [[1105,1138]],

 [[1106,1137]],

 [[1106,1136]],

 [[1106,1135]],

 [[1106,1134]],

 [[1106,1133]],

 [[1106,1132]],

 [[1106,1131]],

 [[1107,1130]],

 [[1107,1129]],

 [[1107,1128]],

 [[1107,1127]],

 [[1107,1126]],

 [[1107,1125]],

 [[1107,1124]],

 [[1107,1123]],

 [[1107,1122]],

 [[1107,1121]],

 [[1107,1120]],

 [[1107,1119]],

 [[1107,1118]],

 [[1107,1117]],

 [[1107,1116]],

 [[1107,1115]],

 [[1107,1114]],

 [[1107,1113]],

 [[1107,1112]],

 [[1107,1111]],

 [[1107,1110]],

 [[1107,1109]],

 [[1107,1108]],

 [[1107,1107]],

 [[1107,1106]],

 [[1107,1105]],

 [[1107,1104]],

 [[1107,1103]],

 [[1107,1102]],

 [[1107,1101]],

 [[1107,1100]],

 [[1107,1099]],

 [[1107,1098]],

 [[1107,1097]],

 [[1107,1096]],

 [[1107,1095]],

 [[1107,1094]],

 [[1107,1093]],

 [[1107,1092]],

 [[1107,1091]],

 [[1107,1090]],

 [[1107,1089]],

 [[1107,1088]],

 [[1107,1087]],

 [[1107,1086]],

 [[1107,1085]],

 [[1107,1084]],

 [[1107,1083]],

 [[1107,1082]],

 [[1107,1081]],

 [[1107,1080]],

 [[1107,1079]],

 [[1107,1078]],

 [[1107,1077]],

 [[1107,1076]],

 [[1108,1075]],

 [[1108,1074]],

 [[1108,1073]],

 [[1108,1072]],

 [[1108,1071]],

 [[1108,1070]],

 [[1108,1069]],

 [[1108,1068]],

 [[1108,1067]],

 [[1108,1066]],

 [[1108,1065]],

 [[1108,1064]],

 [[1108,1063]],

 [[1108,1062]],

 [[1108,1061]],

 [[1108,1060]],

 [[1109,1059]],

 [[1109,1058]],

 [[1109,1057]],

 [[1109,1056]],

 [[1109,1055]],

 [[1109,1054]],

 [[1109,1053]],

 [[1109,1052]],

 [[1109,1051]],

 [[1109,1050]],

 [[1109,1049]],

 [[1109,1048]],

 [[1109,1047]],

 [[1109,1046]],

 [[1109,1045]],

 [[1109,1044]],

 [[1109,1043]],

 [[1109,1042]],

 [[1109,1041]],

 [[1109,1040]],

 [[1109,1039]],

 [[1109,1038]],

 [[1109,1037]],

 [[1109,1036]],

 [[1109,1035]],

 [[1109,1034]],

 [[1109,1033]],

 [[1109,1032]],

 [[1109,1031]],

 [[1109,1030]],

 [[1109,1029]],

 [[1109,1028]],

 [[1109,1027]],

 [[1109,1026]],

 [[1109,1025]],

 [[1109,1024]],

 [[1109,1023]],

 [[1109,1022]],

 [[1109,1021]],

 [[1109,1020]],

 [[1109,1019]],

 [[1109,1018]],

 [[1109,1017]],

 [[1109,1016]],

 [[1109,1015]],

 [[1109,1014]],

 [[1109,1013]],

 [[1109,1012]],

 [[1109,1011]],

 [[1109,1010]],

 [[1109,1009]],

 [[1109,1008]],

 [[1108,1007]],

 [[1108,1006]],

 [[1108,1005]],

 [[1108,1004]],

 [[1108,1003]],

 [[1108,1002]],

 [[1108,1001]],

 [[1108,1000]],

 [[1108, 999]],

 [[1108, 998]],

 [[1108, 997]],

 [[1108, 996]],

 [[1108, 995]],

 [[1108, 994]],

 [[1107, 993]],

 [[1107, 992]],

 [[1107, 991]],

 [[1107, 990]],

 [[1107, 989]],

 [[1107, 988]],

 [[1107, 987]],

 [[1106, 986]],

 [[1106, 985]],

 [[1106, 984]],

 [[1106, 983]],

 [[1105, 982]],

 [[1105, 981]],

 [[1105, 980]],

 [[1105, 979]],

 [[1104, 978]],

 [[1104, 977]],

 [[1104, 976]],

 [[1104, 975]],

 [[1103, 974]],

 [[1103, 973]],

 [[1102, 972]],

 [[1102, 971]],

 [[1101, 970]],

 [[1101, 969]],

 [[1100, 968]],

 [[1100, 967]],

 [[1099, 966]],

 [[1098, 965]],

 [[1098, 964]],

 [[1097, 963]],

 [[1096, 962]],

 [[1095, 961]],

 [[1095, 960]],

 [[1094, 959]],

 [[1093, 958]],

 [[1092, 957]],

 [[1091, 956]],

 [[1090, 955]],

 [[1089, 954]],

 [[1088, 953]],

 [[1088, 952]],

 [[1087, 952]],

 [[1086, 951]],

 [[1085, 950]],

 [[1084, 949]],

 [[1083, 948]],

 [[1082, 947]],

 [[1081, 947]],

 [[1080, 946]],

 [[1079, 946]],

 [[1078, 945]],

 [[1077, 944]],

 [[1076, 944]],

 [[1075, 943]],

 [[1074, 942]],

 [[1073, 942]],

 [[1072, 942]],

 [[1071, 941]],

 [[1070, 940]],

 [[1069, 940]],

 [[1068, 940]],

 [[1067, 939]],

 [[1066, 939]],

 [[1065, 939]],

 [[1064, 938]],

 [[1063, 938]],

 [[1062, 937]],

 [[1061, 937]],

 [[1060, 937]],

 [[1059, 937]],

 [[1058, 936]],

 [[1057, 936]],

 [[1056, 936]],

 [[1055, 936]],

 [[1054, 936]],

 [[1053, 935]],

 [[1052, 935]],

 [[1051, 935]],

 [[1050, 935]],

 [[1049, 935]],

 [[1048, 935]],

 [[1047, 935]],

 [[1046, 935]],

 [[1045, 935]],

 [[1044, 935]],

 [[1043, 935]],

 [[1042, 935]],

 [[1041, 935]],

 [[1040, 935]],

 [[1039, 935]],

 [[1038, 935]],

 [[1037, 935]],

 [[1036, 935]],

 [[1035, 935]],

 [[1034, 935]],

 [[1033, 935]],

 [[1032, 935]],

 [[1031, 935]],

 [[1030, 935]],

 [[1029, 935]],

 [[1028, 935]],

 [[1027, 935]],

 [[1026, 936]],

 [[1025, 936]],

 [[1024, 936]],

 [[1023, 936]],

 [[1022, 936]],

 [[1021, 936]],

 [[1020, 937]],

 [[1019, 937]],

 [[1018, 937]],

 [[1017, 937]],

 [[1016, 937]],

 [[1015, 938]],

 [[1014, 938]],

 [[1013, 938]],

 [[1012, 939]],

 [[1011, 939]],

 [[1010, 939]],

 [[1009, 939]],

 [[1008, 940]],

 [[1007, 940]],

 [[1006, 941]],

 [[1005, 941]],

 [[1004, 942]],

 [[1003, 942]],

 [[1002, 943]],

 [[1001, 943]],

 [[1000, 944]],

 [[ 999, 944]],

 [[ 998, 945]],

 [[ 997, 946]],

 [[ 996, 946]],

 [[ 995, 947]],

 [[ 994, 948]],

 [[ 993, 948]],

 [[ 992, 949]],

 [[ 991, 950]],

 [[ 990, 951]],

 [[ 989, 952]],

 [[ 988, 952]],

 [[ 987, 953]],

 [[ 986, 954]],

 [[ 985, 955]],

 [[ 984, 956]],

 [[ 983, 957]],

 [[ 982, 958]],

 [[ 981, 958]],

 [[ 980, 959]],

 [[ 979, 960]],

 [[ 978, 961]],

 [[ 977, 962]],

 [[ 976, 963]],

 [[ 975, 964]],

 [[ 974, 965]],

 [[ 973, 966]],

 [[ 972, 967]],

 [[ 971, 968]],

 [[ 970, 968]],

 [[ 969, 969]],

 [[ 968, 970]],

 [[ 967, 971]],

 [[ 966, 972]],

 [[ 965, 973]],

 [[ 964, 973]],

 [[ 963, 974]],

 [[ 962, 975]],

 [[ 961, 976]],

 [[ 960, 976]],

 [[ 959, 977]],

 [[ 958, 977]],

 [[ 957, 978]],

 [[ 956, 979]],

 [[ 955, 980]],

 [[ 954, 980]],

 [[ 953, 981]],

 [[ 952, 981]],

 [[ 951, 982]],

 [[ 950, 982]],

 [[ 949, 983]],

 [[ 948, 984]],

 [[ 947, 984]],

 [[ 946, 984]],

 [[ 945, 985]],

 [[ 944, 986]],

 [[ 943, 986]],

 [[ 942, 987]],

 [[ 941, 987]],

 [[ 940, 987]],

 [[ 939, 988]],

 [[ 938, 988]],

 [[ 937, 988]],

 [[ 936, 989]],

 [[ 935, 989]],

 [[ 934, 990]],

 [[ 933, 990]],

 [[ 932, 990]],

 [[ 931, 991]],

 [[ 930, 991]],

 [[ 929, 992]],

 [[ 928, 992]],

 [[ 927, 992]],

 [[ 926, 993]],

 [[ 925, 993]],

 [[ 924, 993]],

 [[ 923, 994]],

 [[ 922, 994]],

 [[ 921, 994]],

 [[ 920, 995]],

 [[ 919, 995]],

 [[ 918, 996]],

 [[ 917, 996]],

 [[ 916, 996]],

 [[ 915, 996]],

 [[ 914, 997]],

 [[ 913, 997]],

 [[ 912, 997]],

 [[ 911, 998]],

 [[ 910, 998]],

 [[ 909, 998]],

 [[ 908, 998]],

 [[ 907, 999]],

 [[ 906, 999]],

 [[ 905, 999]],

 [[ 904, 999]],

 [[ 903, 999]],

 [[ 902, 999]],

 [[ 901,1000]],

 [[ 900,1000]],

 [[ 899,1000]],

 [[ 898,1000]],

 [[ 897,1000]],

 [[ 896,1000]],

 [[ 895,1000]],

 [[ 894,1000]],

 [[ 893,1000]],

 [[ 892,1000]],

 [[ 891,1000]],

 [[ 890,1000]],

 [[ 889,1000]],

 [[ 888,1000]],

 [[ 887,1000]],

 [[ 886,1000]],

 [[ 885,1000]],

 [[ 884,1000]],

 [[ 883,1000]],

 [[ 882,1000]],

 [[ 881,1000]],

 [[ 880,1000]],

 [[ 879,1000]],

 [[ 878,1000]],

 [[ 877, 999]],

 [[ 876, 999]],

 [[ 875, 999]],

 [[ 874, 999]],

 [[ 873, 999]],

 [[ 872, 999]],

 [[ 871, 999]],

 [[ 870, 999]],

 [[ 869, 998]],

 [[ 868, 998]],

 [[ 867, 998]],

 [[ 866, 998]],

 [[ 865, 998]],

 [[ 864, 998]],

 [[ 863, 997]],

 [[ 862, 997]],

 [[ 861, 997]],

 [[ 860, 997]],

 [[ 859, 997]],

 [[ 858, 996]],

 [[ 857, 996]],

 [[ 856, 996]],

 [[ 855, 996]],

 [[ 854, 995]],

 [[ 853, 995]],

 [[ 852, 995]],

 [[ 851, 994]],

 [[ 850, 994]],

 [[ 849, 993]],

 [[ 848, 993]],

 [[ 847, 993]],

 [[ 846, 992]],

 [[ 845, 992]],

 [[ 844, 992]],

 [[ 843, 991]],

 [[ 842, 991]],

 [[ 841, 990]],

 [[ 840, 990]],

 [[ 839, 990]],

 [[ 838, 989]],

 [[ 837, 989]],

 [[ 836, 988]],

 [[ 835, 988]],

 [[ 834, 987]],

 [[ 833, 987]],

 [[ 832, 986]],

 [[ 831, 985]],

 [[ 830, 985]],

 [[ 829, 984]],

 [[ 828, 984]],

 [[ 827, 983]],

 [[ 826, 983]],

 [[ 825, 982]],

 [[ 824, 981]],

 [[ 823, 981]],

 [[ 822, 980]],

 [[ 821, 979]],

 [[ 820, 979]],

 [[ 819, 978]],

 [[ 818, 977]],

 [[ 817, 976]],

 [[ 816, 976]],

 [[ 815, 975]],

 [[ 814, 974]],

 [[ 813, 974]],

 [[ 812, 973]],

 [[ 811, 972]],

 [[ 810, 971]],

 [[ 809, 971]],

 [[ 808, 970]],

 [[ 807, 969]],

 [[ 806, 968]],

 [[ 805, 967]],

 [[ 804, 967]],

 [[ 803, 966]],

 [[ 802, 965]],

 [[ 801, 964]],

 [[ 800, 963]],

 [[ 799, 962]],

 [[ 798, 961]],

 [[ 797, 960]],

 [[ 796, 959]],

 [[ 795, 958]],

 [[ 794, 957]],

 [[ 793, 956]],

 [[ 792, 955]],

 [[ 791, 954]],

 [[ 790, 953]],

 [[ 789, 952]],

 [[ 788, 951]],

 [[ 787, 950]],

 [[ 786, 949]],

 [[ 786, 948]],

 [[ 785, 947]],

 [[ 784, 946]],

 [[ 783, 945]],

 [[ 782, 944]],

 [[ 781, 943]],

 [[ 780, 942]],

 [[ 779, 941]],

 [[ 778, 940]],

 [[ 777, 939]],

 [[ 776, 939]],

 [[ 775, 938]],

 [[ 775, 937]],

 [[ 774, 936]],

 [[ 773, 935]],

 [[ 772, 934]],

 [[ 771, 933]],

 [[ 770, 932]],

 [[ 770, 931]],

 [[ 769, 930]],

 [[ 769, 929]],

 [[ 768, 928]],

 [[ 767, 927]],

 [[ 767, 926]],

 [[ 766, 925]],

 [[ 766, 924]],

 [[ 765, 923]],

 [[ 764, 922]],

 [[ 764, 921]],

 [[ 764, 920]],

 [[ 763, 919]],

 [[ 762, 918]],

 [[ 762, 917]],

 [[ 762, 916]],

 [[ 761, 915]],

 [[ 760, 914]],

 [[ 760, 913]],

 [[ 759, 912]],

 [[ 759, 911]],

 [[ 759, 910]],

 [[ 758, 909]],

 [[ 757, 908]],

 [[ 757, 907]],

 [[ 756, 906]],

 [[ 756, 905]],

 [[ 755, 904]],

 [[ 755, 903]],

 [[ 754, 902]],

 [[ 753, 901]],

 [[ 753, 900]],

 [[ 753, 899]],

 [[ 752, 898]],

 [[ 751, 897]],

 [[ 751, 896]],

 [[ 751, 895]],

 [[ 750, 894]],

 [[ 750, 893]],

 [[ 750, 892]],

 [[ 749, 891]],

 [[ 749, 890]],

 [[ 748, 889]],

 [[ 748, 888]],

 [[ 748, 887]],

 [[ 747, 886]],

 [[ 747, 885]],

 [[ 747, 884]],

 [[ 746, 883]],

 [[ 746, 882]],

 [[ 746, 881]],

 [[ 746, 880]],

 [[ 745, 879]],

 [[ 745, 878]],

 [[ 745, 877]],

 [[ 744, 876]],

 [[ 744, 875]],

 [[ 744, 874]],

 [[ 744, 873]],

 [[ 743, 872]],

 [[ 743, 871]],

 [[ 743, 870]],

 [[ 743, 869]],

 [[ 743, 868]],

 [[ 742, 867]],

 [[ 742, 866]],

 [[ 742, 865]],

 [[ 742, 864]],

 [[ 742, 863]],

 [[ 741, 862]],

 [[ 741, 861]],

 [[ 741, 860]],

 [[ 741, 859]],

 [[ 741, 858]],

 [[ 741, 857]],

 [[ 741, 856]],

 [[ 740, 855]],

 [[ 740, 854]],

 [[ 740, 853]],

 [[ 740, 852]],

 [[ 740, 851]],

 [[ 740, 850]],

 [[ 740, 849]],

 [[ 739, 848]],

 [[ 739, 847]],

 [[ 739, 846]],

 [[ 739, 845]],

 [[ 739, 844]],

 [[ 739, 843]],

 [[ 739, 842]],

 [[ 739, 841]],

 [[ 739, 840]],

 [[ 738, 839]],

 [[ 738, 838]],

 [[ 738, 837]],

 [[ 738, 836]],

 [[ 738, 835]],

 [[ 738, 834]],

 [[ 738, 833]],

 [[ 738, 832]],

 [[ 738, 831]],

 [[ 738, 830]],

 [[ 738, 829]],

 [[ 738, 828]],

 [[ 738, 827]],

 [[ 738, 826]],

 [[ 738, 825]],

 [[ 738, 824]],

 [[ 738, 823]],

 [[ 738, 822]],

 [[ 738, 821]],

 [[ 738, 820]],

 [[ 738, 819]],

 [[ 738, 818]],

 [[ 738, 817]],

 [[ 738, 816]],

 [[ 738, 815]],

 [[ 738, 814]],

 [[ 738, 813]],

 [[ 737, 812]],

 [[ 737, 811]],

 [[ 737, 810]],

 [[ 737, 809]],

 [[ 737, 808]],

 [[ 737, 807]],

 [[ 737, 806]],

 [[ 737, 805]],

 [[ 737, 804]],

 [[ 737, 803]],

 [[ 737, 802]],

 [[ 737, 801]],

 [[ 737, 800]],

 [[ 737, 799]],

 [[ 737, 798]],

 [[ 737, 797]],

 [[ 737, 796]],

 [[ 737, 795]],

 [[ 737, 794]],

 [[ 737, 793]],

 [[ 738, 792]],

 [[ 738, 791]],

 [[ 738, 790]],

 [[ 738, 789]],

 [[ 739, 788]],

 [[ 739, 787]],

 [[ 739, 786]],

 [[ 740, 785]],

 [[ 740, 784]],

 [[ 740, 783]],

 [[ 740, 782]],

 [[ 741, 781]],

 [[ 741, 780]],

 [[ 741, 779]],

 [[ 742, 778]],

 [[ 742, 777]],

 [[ 743, 776]],

 [[ 743, 775]],

 [[ 743, 774]],

 [[ 744, 773]],

 [[ 744, 772]],

 [[ 745, 771]],

 [[ 745, 770]],

 [[ 745, 769]],

 [[ 746, 768]],

 [[ 746, 767]],

 [[ 747, 766]],

 [[ 747, 765]],

 [[ 747, 764]],

 [[ 748, 763]],

 [[ 748, 762]],

 [[ 749, 761]],

 [[ 749, 760]],

 [[ 750, 759]],

 [[ 750, 758]],

 [[ 751, 757]],

 [[ 751, 756]],

 [[ 752, 755]],

 [[ 752, 754]],

 [[ 753, 753]],

 [[ 753, 752]],

 [[ 754, 751]],

 [[ 754, 750]],

 [[ 755, 749]],

 [[ 755, 748]],

 [[ 756, 747]],

 [[ 757, 746]],

 [[ 757, 745]],

 [[ 758, 744]],

 [[ 759, 743]],

 [[ 759, 742]],

 [[ 760, 741]],

 [[ 760, 740]],

 [[ 761, 739]],

 [[ 762, 738]],

 [[ 763, 737]],

 [[ 763, 736]],

 [[ 764, 735]],

 [[ 765, 735]],

 [[ 765, 734]],

 [[ 766, 733]],

 [[ 767, 733]],

 [[ 768, 732]],

 [[ 769, 731]],

 [[ 770, 730]],

 [[ 771, 729]],

 [[ 772, 729]],

 [[ 773, 728]],

 [[ 774, 728]],

 [[ 775, 727]],

 [[ 776, 727]],

 [[ 777, 726]],

 [[ 778, 725]],

 [[ 779, 725]],

 [[ 780, 724]],

 [[ 781, 724]],

 [[ 782, 723]],

 [[ 783, 722]],

 [[ 784, 722]],

 [[ 785, 722]],

 [[ 786, 721]],

 [[ 787, 721]],

 [[ 788, 720]],

 [[ 789, 719]],

 [[ 790, 719]],

 [[ 791, 718]],

 [[ 792, 717]],

 [[ 793, 716]],

 [[ 794, 715]],

 [[ 795, 715]],

 [[ 796, 714]],

 [[ 797, 713]],

 [[ 798, 713]],

 [[ 799, 712]],

 [[ 800, 711]],

 [[ 801, 710]],

 [[ 802, 709]],

 [[ 803, 709]],

 [[ 804, 708]],

 [[ 805, 707]],

 [[ 806, 707]],

 [[ 807, 706]],

 [[ 808, 705]],

 [[ 809, 705]],

 [[ 810, 704]],

 [[ 811, 703]],

 [[ 812, 703]],

 [[ 813, 702]],

 [[ 814, 702]],

 [[ 815, 701]],

 [[ 816, 701]],

 [[ 817, 700]],

 [[ 818, 700]],

 [[ 819, 699]],

 [[ 820, 699]],

 [[ 821, 698]],

 [[ 822, 698]],

 [[ 823, 697]],

 [[ 824, 697]],

 [[ 825, 696]],

 [[ 826, 696]],

 [[ 827, 696]],

 [[ 828, 695]],

 [[ 829, 695]],

 [[ 830, 694]],

 [[ 831, 694]],

 [[ 832, 693]],

 [[ 833, 693]],

 [[ 834, 693]],

 [[ 835, 692]],

 [[ 836, 692]],

 [[ 837, 691]],

 [[ 838, 691]],

 [[ 839, 690]],

 [[ 840, 690]],

 [[ 841, 690]],

 [[ 842, 690]],

 [[ 843, 689]],

 [[ 844, 689]],

 [[ 845, 689]],

 [[ 846, 688]],

 [[ 847, 688]],

 [[ 848, 687]],

 [[ 849, 687]],

 [[ 850, 687]],

 [[ 851, 687]],

 [[ 852, 687]],

 [[ 853, 686]],

 [[ 854, 686]],

 [[ 855, 686]],

 [[ 856, 686]],

 [[ 857, 685]],

 [[ 858, 685]],

 [[ 859, 685]],

 [[ 860, 685]],

 [[ 861, 685]],

 [[ 862, 685]],

 [[ 863, 685]],

 [[ 864, 684]],

 [[ 865, 684]],

 [[ 866, 684]],

 [[ 867, 684]],

 [[ 868, 684]],

 [[ 869, 684]],

 [[ 870, 684]],

 [[ 871, 684]],

 [[ 872, 684]],

 [[ 873, 684]],

 [[ 874, 684]],

 [[ 875, 684]],

 [[ 876, 684]],

 [[ 877, 685]],

 [[ 878, 685]],

 [[ 879, 685]],

 [[ 880, 685]],

 [[ 881, 685]],

 [[ 882, 685]],

 [[ 883, 685]],

 [[ 884, 685]],

 [[ 885, 685]],

 [[ 886, 685]],

 [[ 887, 686]],

 [[ 888, 686]],

 [[ 889, 686]],

 [[ 890, 686]],

 [[ 891, 686]],

 [[ 892, 686]],

 [[ 893, 686]],

 [[ 894, 686]],

 [[ 895, 686]],

 [[ 896, 687]],

 [[ 897, 687]],

 [[ 898, 687]],

 [[ 899, 687]],

 [[ 900, 687]],

 [[ 901, 687]],

 [[ 902, 688]],

 [[ 903, 688]],

 [[ 904, 688]],

 [[ 905, 688]],

 [[ 906, 688]],

 [[ 907, 689]],

 [[ 908, 689]],

 [[ 909, 689]],

 [[ 910, 689]],

 [[ 911, 689]],

 [[ 912, 690]],

 [[ 913, 690]],

 [[ 914, 690]],

 [[ 915, 690]],

 [[ 916, 691]],

 [[ 917, 691]],

 [[ 918, 691]],

 [[ 919, 691]],

 [[ 920, 691]],

 [[ 921, 691]],

 [[ 922, 691]],

 [[ 923, 691]],

 [[ 924, 691]],

 [[ 925, 691]],

 [[ 926, 691]],

 [[ 927, 691]],

 [[ 928, 691]],

 [[ 929, 691]],

 [[ 930, 691]],

 [[ 931, 691]],

 [[ 932, 691]],

 [[ 933, 691]],

 [[ 934, 691]],

 [[ 935, 691]],

 [[ 936, 691]],

 [[ 937, 691]],

 [[ 938, 691]],

 [[ 939, 690]],

 [[ 940, 690]],

 [[ 941, 690]],

 [[ 942, 690]],

 [[ 943, 690]],

 [[ 944, 690]],

 [[ 945, 690]],

 [[ 946, 690]],

 [[ 947, 691]],

 [[ 948, 691]],

 [[ 949, 691]],

 [[ 950, 691]],

 [[ 951, 692]],

 [[ 952, 692]],

 [[ 953, 692]],

 [[ 954, 693]],

 [[ 955, 693]],

 [[ 956, 693]],

 [[ 957, 694]],

 [[ 958, 695]],

 [[ 959, 695]],

 [[ 960, 695]],

 [[ 961, 696]],

 [[ 962, 697]],

 [[ 963, 697]],

 [[ 964, 697]],

 [[ 965, 698]],

 [[ 966, 699]],

 [[ 967, 699]],

 [[ 968, 700]],

 [[ 969, 700]],

 [[ 970, 701]],

 [[ 971, 701]],

 [[ 972, 702]],

 [[ 973, 703]],

 [[ 974, 703]],

 [[ 975, 704]],

 [[ 976, 704]],

 [[ 977, 705]],

 [[ 978, 706]],

 [[ 979, 706]],

 [[ 980, 707]],

 [[ 981, 708]],

 [[ 982, 709]],

 [[ 983, 709]],

 [[ 984, 710]],

 [[ 985, 711]],

 [[ 986, 711]],

 [[ 987, 712]],

 [[ 988, 713]],

 [[ 989, 713]],

 [[ 990, 714]],

 [[ 991, 715]],

 [[ 992, 715]],

 [[ 993, 716]],

 [[ 994, 717]],

 [[ 995, 718]],

 [[ 996, 719]],

 [[ 997, 719]],

 [[ 998, 720]],

 [[ 999, 721]],

 [[1000, 722]],

 [[1001, 723]],

 [[1002, 724]],

 [[1003, 724]],

 [[1004, 725]],

 [[1005, 726]],

 [[1006, 727]],

 [[1007, 728]],

 [[1008, 729]],

 [[1009, 730]],

 [[1010, 731]],

 [[1011, 731]],

 [[1012, 732]],

 [[1013, 733]],

 [[1014, 734]],

 [[1015, 735]],

 [[1016, 735]],

 [[1017, 736]],

 [[1017, 737]],

 [[1018, 737]],

 [[1019, 738]],

 [[1020, 738]],

 [[1021, 739]],

 [[1022, 740]],

 [[1023, 741]],

 [[1024, 741]],

 [[1025, 742]],

 [[1026, 742]],

 [[1027, 743]],

 [[1028, 743]],

 [[1029, 744]],

 [[1030, 744]],

 [[1031, 745]],

 [[1032, 746]],

 [[1033, 746]],

 [[1034, 746]],

 [[1035, 747]],

 [[1036, 747]],

 [[1037, 747]],

 [[1038, 747]],

 [[1039, 748]],

 [[1040, 748]],

 [[1041, 748]],

 [[1042, 749]],

 [[1043, 749]],

 [[1044, 749]],

 [[1045, 749]],

 [[1046, 750]],

 [[1047, 750]],

 [[1048, 750]],

 [[1049, 750]],

 [[1050, 750]],

 [[1051, 750]],

 [[1052, 750]],

 [[1053, 750]],

 [[1054, 750]],

 [[1055, 750]],

 [[1056, 750]],

 [[1057, 750]],

 [[1058, 751]],

 [[1059, 751]],

 [[1060, 751]],

 [[1061, 751]],

 [[1062, 751]],

 [[1063, 751]],

 [[1064, 751]],

 [[1065, 751]],

 [[1066, 751]],

 [[1067, 751]],

 [[1068, 751]],

 [[1069, 751]],

 [[1070, 751]],

 [[1071, 750]],

 [[1072, 750]],

 [[1073, 750]],

 [[1074, 750]],

 [[1075, 750]],

 [[1076, 750]],

 [[1077, 750]],

 [[1078, 750]],

 [[1079, 750]],

 [[1080, 750]],

 [[1081, 750]],

 [[1082, 749]],

 [[1083, 749]],

 [[1084, 749]],

 [[1085, 749]],

 [[1086, 748]],

 [[1087, 748]],

 [[1088, 748]],

 [[1089, 747]],

 [[1090, 747]],

 [[1091, 746]],

 [[1092, 746]],

 [[1093, 746]],

 [[1094, 745]],

 [[1095, 745]],

 [[1096, 744]],

 [[1097, 743]],

 [[1098, 743]],

 [[1099, 743]],

 [[1100, 742]],

 [[1101, 741]],

 [[1102, 741]],

 [[1103, 740]],

 [[1104, 739]],

 [[1105, 739]],

 [[1106, 738]],

 [[1107, 737]],

 [[1108, 737]],

 [[1109, 736]],

 [[1110, 735]],

 [[1111, 735]],

 [[1112, 734]],

 [[1113, 734]],

 [[1114, 733]],

 [[1115, 732]],

 [[1116, 731]],

 [[1117, 730]],

 [[1118, 729]],

 [[1119, 728]],

 [[1120, 727]],

 [[1120, 726]],

 [[1121, 725]],

 [[1121, 724]],

 [[1122, 723]],

 [[1122, 722]],

 [[1123, 721]],

 [[1123, 720]],

 [[1123, 719]],

 [[1123, 718]],

 [[1124, 717]],

 [[1124, 716]],

 [[1124, 715]],

 [[1124, 714]],

 [[1125, 713]],

 [[1125, 712]],

 [[1125, 711]],

 [[1125, 710]],

 [[1125, 709]],

 [[1125, 708]],

 [[1125, 707]],

 [[1125, 706]],

 [[1126, 705]],

 [[1126, 704]],

 [[1126, 703]],

 [[1126, 702]],

 [[1126, 701]],

 [[1126, 700]],

 [[1126, 699]],

 [[1127, 698]],

 [[1127, 697]],

 [[1127, 696]],

 [[1127, 695]],

 [[1127, 694]],

 [[1127, 693]],

 [[1128, 692]],

 [[1128, 691]],

 [[1128, 690]],

 [[1128, 689]],

 [[1128, 688]],

 [[1128, 687]],

 [[1128, 686]],

 [[1129, 685]],

 [[1129, 684]],

 [[1129, 683]],

 [[1129, 682]],

 [[1129, 681]],

 [[1129, 680]],

 [[1129, 679]],

 [[1129, 678]],

 [[1129, 677]],

 [[1130, 676]],

 [[1130, 675]],

 [[1130, 674]],

 [[1130, 673]],

 [[1130, 672]],

 [[1130, 671]],

 [[1130, 670]],

 [[1130, 669]],

 [[1130, 668]],

 [[1130, 667]],

 [[1130, 666]],

 [[1130, 665]],

 [[1130, 664]],

 [[1130, 663]],

 [[1130, 662]],

 [[1130, 661]],

 [[1130, 660]],

 [[1130, 659]],

 [[1130, 658]],

 [[1130, 657]],

 [[1130, 656]],

 [[1129, 655]],

 [[1129, 654]],

 [[1129, 653]],

 [[1129, 652]],

 [[1129, 651]],

 [[1129, 650]],

 [[1129, 649]],

 [[1129, 648]],

 [[1128, 647]],

 [[1128, 646]],

 [[1128, 645]],

 [[1128, 644]],

 [[1128, 643]],

 [[1128, 642]],

 [[1127, 641]],

 [[1127, 640]],

 [[1127, 639]],

 [[1127, 638]],

 [[1127, 637]],

 [[1127, 636]],

 [[1127, 635]],

 [[1126, 634]],

 [[1126, 633]],

 [[1126, 632]],

 [[1126, 631]],

 [[1126, 630]],

 [[1126, 629]],

 [[1126, 628]],

 [[1126, 627]],

 [[1126, 626]],

 [[1126, 625]],

 [[1126, 624]],

 [[1126, 623]],

 [[1126, 622]],

 [[1126, 621]],

 [[1126, 620]],

 [[1125, 619]],

 [[1125, 618]],

 [[1125, 617]],

 [[1125, 616]],

 [[1125, 615]],

 [[1125, 614]],

 [[1125, 613]],

 [[1125, 612]],

 [[1125, 611]],

 [[1125, 610]],

 [[1125, 609]],

 [[1125, 608]],

 [[1125, 607]],

 [[1125, 606]],

 [[1125, 605]],

 [[1125, 604]],

 [[1125, 603]],

 [[1125, 602]],

 [[1125, 601]],

 [[1125, 600]],

 [[1126, 599]],

 [[1126, 598]],

 [[1126, 597]],

 [[1126, 596]],

 [[1127, 595]],

 [[1127, 594]],

 [[1127, 593]],

 [[1127, 592]],

 [[1128, 591]],

 [[1128, 590]],

 [[1128, 589]],

 [[1129, 588]],

 [[1129, 587]],

 [[1129, 586]],

 [[1129, 585]],

 [[1130, 584]],

 [[1130, 583]],

 [[1130, 582]],

 [[1130, 581]],

 [[1130, 580]],

 [[1131, 579]],

 [[1131, 578]],

 [[1131, 577]],

 [[1131, 576]],

 [[1131, 575]],

 [[1131, 574]],

 [[1131, 573]],

 [[1132, 572]],

 [[1132, 571]],

 [[1132, 570]],

 [[1132, 569]],

 [[1132, 568]],

 [[1132, 567]],

 [[1132, 566]],

 [[1132, 565]],

 [[1132, 564]],

 [[1132, 563]],

 [[1132, 562]],

 [[1132, 561]],

 [[1132, 560]],

 [[1132, 559]],

 [[1132, 558]],

 [[1132, 557]],

 [[1132, 556]],

 [[1132, 555]],

 [[1132, 554]],

 [[1132, 553]],

 [[1132, 552]],

 [[1132, 551]],

 [[1132, 550]],

 [[1132, 549]],

 [[1131, 548]],

 [[1131, 547]],

 [[1131, 546]],

 [[1131, 545]],

 [[1131, 544]],

 [[1131, 543]],

 [[1131, 542]],

 [[1131, 541]],

 [[1131, 540]],

 [[1131, 539]],

 [[1130, 538]],

 [[1130, 537]],

 [[1130, 536]],

 [[1130, 535]],

 [[1130, 534]],

 [[1130, 533]],

 [[1130, 532]],

 [[1130, 531]],

 [[1129, 530]],

 [[1129, 529]],

 [[1129, 528]],

 [[1129, 527]],

 [[1129, 526]],

 [[1129, 525]],

 [[1129, 524]],

 [[1128, 523]],

 [[1128, 522]],

 [[1128, 521]],

 [[1128, 520]],

 [[1128, 519]],

 [[1128, 518]],

 [[1128, 517]],

 [[1127, 516]],

 [[1127, 515]],

 [[1127, 514]],

 [[1127, 513]],

 [[1127, 512]],

 [[1127, 511]],

 [[1127, 510]],

 [[1127, 509]],

 [[1127, 508]],

 [[1127, 507]],

 [[1127, 506]],

 [[1127, 505]],

 [[1127, 504]],

 [[1127, 503]],

 [[1127, 502]],

 [[1127, 501]],

 [[1127, 500]],

 [[1127, 499]],

 [[1127, 498]],

 [[1127, 497]],

 [[1127, 496]],

 [[1127, 495]],

 [[1127, 494]],

 [[1127, 493]],

 [[1127, 492]],

 [[1127, 491]],

 [[1127, 490]],

 [[1127, 489]],

 [[1127, 488]],

 [[1127, 487]],

 [[1128, 486]],

 [[1128, 485]],

 [[1128, 484]],

 [[1128, 483]],

 [[1128, 482]],

 [[1128, 481]],

 [[1128, 480]],

 [[1129, 479]],

 [[1129, 478]],

 [[1129, 477]],

 [[1129, 476]],

 [[1130, 475]],

 [[1130, 474]],

 [[1130, 473]],

 [[1130, 472]],

 [[1131, 471]],

 [[1131, 470]],

 [[1131, 469]],

 [[1131, 468]],

 [[1131, 467]],

 [[1131, 466]],

 [[1131, 465]],

 [[1132, 464]],

 [[1132, 463]],

 [[1132, 462]],

 [[1132, 461]],

 [[1132, 460]],

 [[1132, 459]],

 [[1132, 458]],

 [[1132, 457]],

 [[1132, 456]],

 [[1132, 455]],

 [[1132, 454]],

 [[1132, 453]],

 [[1132, 452]],

 [[1132, 451]],

 [[1132, 450]],

 [[1132, 449]],

 [[1132, 448]],

 [[1132, 447]],

 [[1132, 446]],

 [[1132, 445]],

 [[1132, 444]],

 [[1132, 443]],

 [[1132, 442]],

 [[1132, 441]],

 [[1132, 440]],

 [[1132, 439]],

 [[1132, 438]],

 [[1132, 437]],

 [[1132, 436]],

 [[1132, 435]],

 [[1132, 434]],

 [[1132, 433]],

 [[1132, 432]],

 [[1132, 431]],

 [[1132, 430]],

 [[1132, 429]],

 [[1133, 428]],

 [[1133, 427]],

 [[1133, 426]],

 [[1133, 425]],

 [[1133, 424]],

 [[1133, 423]],

 [[1133, 422]],

 [[1133, 421]],

 [[1133, 420]],

 [[1133, 419]],

 [[1133, 418]],

 [[1133, 417]],

 [[1133, 416]],

 [[1133, 415]],

 [[1133, 414]],

 [[1133, 413]],

 [[1133, 412]],

 [[1133, 411]],

 [[1133, 410]],

 [[1134, 409]],

 [[1134, 408]],

 [[1134, 407]],

 [[1134, 406]],

 [[1133, 405]],

 [[1133, 404]],

 [[1133, 403]],

 [[1133, 402]],

 [[1133, 401]],

 [[1133, 400]],

 [[1133, 399]],

 [[1133, 398]],

 [[1132, 397]],

 [[1132, 396]],

 [[1132, 395]],

 [[1131, 394]],

 [[1131, 393]],

 [[1130, 392]],

 [[1129, 391]],

 [[1129, 390]],

 [[1128, 390]],

 [[1127, 389]],

 [[1126, 388]],

 [[1125, 387]],

 [[1124, 387]],

 [[1123, 386]],

 [[1122, 386]],

 [[1121, 386]],

 [[1120, 386]],

 [[1119, 385]],

 [[1118, 385]],

 [[1117, 385]],

 [[1116, 385]],

 [[1115, 385]],

 [[1114, 385]],

 [[1113, 384]],

 [[1112, 384]],

 [[1111, 384]],

 [[1110, 384]],

 [[1109, 384]],

 [[1108, 384]],

 [[1107, 384]],

 [[1106, 384]],

 [[1105, 384]],

 [[1104, 384]],

 [[1103, 384]],

 [[1102, 384]],

 [[1101, 384]],

 [[1100, 384]],

 [[1099, 384]],

 [[1098, 384]],

 [[1097, 384]],

 [[1096, 384]],

 [[1095, 384]],

 [[1094, 384]],

 [[1093, 384]],

 [[1092, 384]],

 [[1091, 384]],

 [[1090, 384]],

 [[1089, 384]],

 [[1088, 384]],

 [[1087, 384]],

 [[1086, 384]],

 [[1085, 384]],

 [[1084, 384]],

 [[1083, 384]],

 [[1082, 384]],

 [[1081, 384]],

 [[1080, 384]],

 [[1079, 384]],

 [[1078, 384]],

 [[1077, 384]],

 [[1076, 384]],

 [[1075, 384]],

 [[1074, 384]],

 [[1073, 384]],

 [[1072, 384]],

 [[1071, 384]],

 [[1070, 384]],

 [[1069, 384]],

 [[1068, 384]],

 [[1067, 384]],

 [[1066, 384]],

 [[1065, 384]],

 [[1064, 384]],

 [[1063, 384]],

 [[1062, 384]],

 [[1061, 384]],

 [[1060, 384]],

 [[1059, 384]],

 [[1058, 384]],

 [[1057, 384]],

 [[1056, 384]],

 [[1055, 384]],

 [[1054, 384]],

 [[1053, 384]],

 [[1052, 384]],

 [[1051, 384]],

 [[1050, 384]],

 [[1049, 384]],

 [[1048, 384]],

 [[1047, 384]],

 [[1046, 384]],

 [[1045, 384]],

 [[1044, 384]],

 [[1043, 384]],

 [[1042, 384]],

 [[1041, 384]],

 [[1040, 384]],

 [[1039, 384]],

 [[1038, 384]],

 [[1037, 384]],

 [[1036, 384]],

 [[1035, 384]],

 [[1034, 384]],

 [[1033, 384]],

 [[1032, 384]],

 [[1031, 384]],

 [[1030, 384]],

 [[1029, 384]],

 [[1028, 384]],

 [[1027, 384]],

 [[1026, 384]],

 [[1025, 384]],

 [[1024, 384]],

 [[1023, 384]],

 [[1022, 384]],

 [[1021, 384]],

 [[1020, 384]],

 [[1019, 384]],

 [[1018, 383]],

 [[1017, 383]],

 [[1016, 383]],

 [[1015, 383]],

 [[1014, 383]],

 [[1013, 383]],

 [[1012, 383]],

 [[1011, 383]],

 [[1010, 383]],

 [[1009, 383]],

 [[1008, 383]],

 [[1007, 383]],

 [[1006, 383]],

 [[1005, 383]],

 [[1004, 383]],

 [[1003, 383]],

 [[1002, 383]],

 [[1001, 382]],

 [[1000, 382]],

 [[ 999, 382]],

 [[ 998, 382]],

 [[ 997, 382]],

 [[ 996, 382]],

 [[ 995, 382]],

 [[ 994, 382]],

 [[ 993, 382]],

 [[ 992, 382]],

 [[ 991, 382]],

 [[ 990, 382]],

 [[ 989, 382]],

 [[ 988, 382]],

 [[ 987, 382]],

 [[ 986, 382]],

 [[ 985, 382]],

 [[ 984, 382]],

 [[ 983, 382]],

 [[ 982, 382]],

 [[ 981, 382]],

 [[ 980, 382]],

 [[ 979, 382]],

 [[ 978, 382]],

 [[ 977, 382]],

 [[ 976, 382]],

 [[ 975, 382]],

 [[ 974, 382]],

 [[ 973, 382]],

 [[ 972, 382]],

 [[ 971, 382]],

 [[ 970, 382]],

 [[ 969, 382]],

 [[ 968, 382]],

 [[ 967, 382]],

 [[ 966, 382]],

 [[ 965, 382]],

 [[ 964, 382]],

 [[ 963, 382]],

 [[ 962, 382]],

 [[ 961, 382]],

 [[ 960, 382]],

 [[ 959, 382]],

 [[ 958, 382]],

 [[ 957, 382]],

 [[ 956, 382]],

 [[ 955, 382]],

 [[ 954, 382]],

 [[ 953, 382]],

 [[ 952, 382]],

 [[ 951, 382]],

 [[ 950, 382]],

 [[ 949, 382]],

 [[ 948, 382]],

 [[ 947, 382]],

 [[ 946, 382]],

 [[ 945, 382]],

 [[ 944, 382]],

 [[ 943, 382]],

 [[ 942, 382]],

 [[ 941, 382]],

 [[ 940, 382]],

 [[ 939, 382]],

 [[ 938, 382]],

 [[ 937, 382]],

 [[ 936, 382]],

 [[ 935, 382]],

 [[ 934, 382]],

 [[ 933, 382]],

 [[ 932, 381]],

 [[ 931, 381]],

 [[ 930, 381]],

 [[ 929, 381]],

 [[ 928, 381]],

 [[ 927, 381]],

 [[ 926, 381]],

 [[ 925, 381]],

 [[ 924, 381]],

 [[ 923, 381]],

 [[ 922, 381]],

 [[ 921, 381]],

 [[ 920, 381]],

 [[ 919, 381]],

 [[ 918, 381]],

 [[ 917, 381]],

 [[ 916, 380]],

 [[ 915, 380]],

 [[ 914, 380]],

 [[ 913, 380]],

 [[ 912, 380]],

 [[ 911, 380]],

 [[ 910, 380]],

 [[ 909, 380]],

 [[ 908, 380]],

 [[ 907, 380]],

 [[ 906, 380]],

 [[ 905, 380]],

 [[ 904, 380]],

 [[ 903, 380]],

 [[ 902, 380]],

 [[ 901, 380]],

 [[ 900, 380]],

 [[ 899, 380]],

 [[ 898, 380]],

 [[ 897, 380]],

 [[ 896, 380]],

 [[ 895, 380]],

 [[ 894, 380]],

 [[ 893, 380]],

 [[ 892, 380]],

 [[ 891, 380]],

 [[ 890, 380]],

 [[ 889, 380]],

 [[ 888, 380]],

 [[ 887, 380]],

 [[ 886, 380]],

 [[ 885, 380]],

 [[ 884, 380]],

 [[ 883, 380]],

 [[ 882, 380]],

 [[ 881, 380]],

 [[ 880, 380]],

 [[ 879, 380]],

 [[ 878, 380]],

 [[ 877, 380]],

 [[ 876, 380]],

 [[ 875, 380]],

 [[ 874, 380]],

 [[ 873, 380]],

 [[ 872, 380]],

 [[ 871, 380]],

 [[ 870, 380]],

 [[ 869, 380]],

 [[ 868, 380]],

 [[ 867, 380]],

 [[ 866, 380]],

 [[ 865, 380]],

 [[ 864, 380]],

 [[ 863, 380]],

 [[ 862, 380]],

 [[ 861, 380]],

 [[ 860, 380]],

 [[ 859, 380]],

 [[ 858, 380]],

 [[ 857, 380]],

 [[ 856, 380]],

 [[ 855, 380]],

 [[ 854, 380]],

 [[ 853, 380]],

 [[ 852, 380]],

 [[ 851, 380]],

 [[ 850, 380]],

 [[ 849, 380]],

 [[ 848, 380]],

 [[ 847, 380]],

 [[ 846, 380]],

 [[ 845, 380]],

 [[ 844, 380]],

 [[ 843, 380]],

 [[ 842, 380]],

 [[ 841, 380]],

 [[ 840, 380]],

 [[ 839, 380]],

 [[ 838, 380]],

 [[ 837, 380]],

 [[ 836, 380]],

 [[ 835, 380]],

 [[ 834, 380]],

 [[ 833, 380]],

 [[ 832, 380]],

 [[ 831, 380]],

 [[ 830, 380]],

 [[ 829, 380]],

 [[ 828, 380]],

 [[ 827, 380]],

 [[ 826, 380]],

 [[ 825, 380]],

 [[ 824, 380]],

 [[ 823, 380]],

 [[ 822, 380]],

 [[ 821, 380]],

 [[ 820, 380]],

 [[ 819, 380]],

 [[ 818, 380]],

 [[ 817, 380]],

 [[ 816, 380]],

 [[ 815, 380]],

 [[ 814, 380]],

 [[ 813, 380]],

 [[ 812, 380]],

 [[ 811, 380]],

 [[ 810, 380]],

 [[ 809, 380]],

 [[ 808, 380]],

 [[ 807, 380]],

 [[ 806, 380]],

 [[ 805, 380]],

 [[ 804, 380]],

 [[ 803, 380]],

 [[ 802, 380]],

 [[ 801, 380]],

 [[ 800, 380]],

 [[ 799, 380]],

 [[ 798, 380]],

 [[ 797, 380]],

 [[ 796, 380]],

 [[ 795, 380]],

 [[ 794, 380]],

 [[ 793, 380]],

 [[ 792, 380]],

 [[ 791, 380]],

 [[ 790, 380]],

 [[ 789, 379]],

 [[ 788, 379]],

 [[ 787, 379]],

 [[ 786, 379]],

 [[ 785, 379]],

 [[ 784, 379]],

 [[ 783, 379]],

 [[ 782, 379]],

 [[ 781, 379]],

 [[ 780, 379]],

 [[ 779, 379]],

 [[ 778, 379]],

 [[ 777, 379]],

 [[ 776, 379]],

 [[ 775, 379]],

 [[ 774, 379]],

 [[ 773, 378]],

 [[ 772, 378]],

 [[ 771, 378]],

 [[ 770, 379]],

 [[ 769, 378]],

 [[ 768, 378]],

 [[ 767, 378]],

 [[ 766, 378]],

 [[ 765, 378]],

 [[ 764, 378]],

 [[ 763, 378]],

 [[ 762, 378]],

 [[ 761, 378]],

 [[ 760, 378]],

 [[ 759, 378]],

 [[ 758, 378]],

 [[ 757, 378]],

 [[ 756, 378]],

 [[ 755, 378]],

 [[ 754, 378]],

 [[ 753, 378]],

 [[ 752, 378]],

 [[ 751, 378]],

 [[ 750, 378]],

 [[ 749, 378]],

 [[ 748, 378]],

 [[ 747, 378]],

 [[ 746, 378]],

 [[ 745, 378]],

 [[ 744, 378]],

 [[ 743, 378]],

 [[ 742, 378]],

 [[ 741, 378]],

 [[ 740, 378]],

 [[ 739, 378]],

 [[ 738, 378]],

 [[ 737, 378]],

 [[ 736, 378]],

 [[ 735, 378]],

 [[ 734, 378]],

 [[ 733, 378]],

 [[ 732, 378]],

 [[ 731, 378]],

 [[ 730, 378]],

 [[ 729, 378]],

 [[ 728, 378]],

 [[ 727, 378]],

 [[ 726, 378]],

 [[ 725, 377]],

 [[ 724, 377]],

 [[ 723, 377]],

 [[ 722, 377]],

 [[ 721, 377]],

 [[ 720, 377]],

 [[ 719, 377]],

 [[ 718, 376]],

 [[ 717, 376]],

 [[ 716, 376]],

 [[ 715, 376]],

 [[ 714, 376]],

 [[ 713, 376]],

 [[ 712, 376]],

 [[ 711, 375]],

 [[ 710, 375]],

 [[ 709, 375]],

 [[ 708, 375]],

 [[ 707, 375]],

 [[ 706, 375]],

 [[ 705, 374]],

 [[ 704, 374]],

 [[ 703, 374]],

 [[ 702, 374]],

 [[ 701, 374]],

 [[ 700, 373]],

 [[ 699, 373]],

 [[ 698, 373]],

 [[ 697, 372]],

 [[ 696, 372]],

 [[ 695, 372]],

 [[ 694, 371]],

 [[ 693, 371]],

 [[ 692, 371]],

 [[ 691, 370]],

 [[ 690, 369]],

 [[ 689, 369]],

 [[ 688, 368]],

 [[ 687, 368]],

 [[ 686, 367]],

 [[ 685, 366]],

 [[ 684, 365]],

 [[ 683, 364]],

 [[ 682, 364]],

 [[ 681, 363]],

 [[ 681, 362]],

 [[ 680, 362]],

 [[ 679, 361]],

 [[ 679, 360]],

 [[ 678, 359]],

 [[ 677, 358]],

 [[ 676, 357]],

 [[ 675, 356]],

 [[ 675, 355]],

 [[ 674, 354]],

 [[ 673, 353]],

 [[ 673, 352]],

 [[ 672, 351]],

 [[ 671, 350]],

 [[ 670, 349]],

 [[ 670, 348]],

 [[ 669, 347]],

 [[ 668, 346]],

 [[ 668, 345]],

 [[ 667, 344]],

 [[ 667, 343]],

 [[ 666, 342]],

 [[ 665, 341]],

 [[ 665, 340]],

 [[ 664, 339]],

 [[ 664, 338]],

 [[ 663, 337]],

 [[ 663, 336]],

 [[ 662, 335]],

 [[ 662, 334]],

 [[ 661, 333]],

 [[ 661, 332]],

 [[ 661, 331]],

 [[ 660, 330]],

 [[ 660, 329]],

 [[ 660, 328]],

 [[ 659, 327]],

 [[ 659, 326]],

 [[ 658, 325]],

 [[ 658, 324]],

 [[ 658, 323]],

 [[ 658, 322]],

 [[ 657, 321]],

 [[ 657, 320]],

 [[ 657, 319]],

 [[ 657, 318]],

 [[ 657, 317]],

 [[ 656, 316]],

 [[ 656, 315]],

 [[ 656, 314]],

 [[ 656, 313]],

 [[ 656, 312]],

 [[ 656, 311]],

 [[ 656, 310]],

 [[ 656, 309]],

 [[ 656, 308]],

 [[ 655, 307]],

 [[ 655, 306]],

 [[ 655, 305]],

 [[ 656, 304]],

 [[ 656, 303]],

 [[ 656, 302]],

 [[ 656, 301]],

 [[ 656, 300]],

 [[ 656, 299]],

 [[ 656, 298]],

 [[ 656, 297]],

 [[ 656, 296]],

 [[ 656, 295]],

 [[ 657, 294]],

 [[ 657, 293]],

 [[ 657, 292]],

 [[ 657, 291]],

 [[ 657, 290]],

 [[ 658, 289]],

 [[ 658, 288]],

 [[ 658, 287]],

 [[ 658, 286]],

 [[ 659, 285]],

 [[ 659, 284]],

 [[ 659, 283]],

 [[ 660, 282]],

 [[ 660, 281]],

 [[ 660, 280]],

 [[ 661, 279]],

 [[ 661, 278]],

 [[ 661, 277]],

 [[ 662, 276]],

 [[ 662, 275]],

 [[ 662, 274]],

 [[ 663, 273]],

 [[ 663, 272]],

 [[ 664, 271]],

 [[ 664, 270]],

 [[ 665, 269]],

 [[ 665, 268]],

 [[ 666, 267]],

 [[ 667, 266]],

 [[ 667, 265]],

 [[ 668, 264]],

 [[ 669, 263]],

 [[ 669, 262]],

 [[ 670, 261]],

 [[ 671, 260]],

 [[ 672, 259]],

 [[ 673, 258]],

 [[ 674, 257]],

 [[ 675, 256]],

 [[ 676, 255]],

 [[ 677, 254]],

 [[ 678, 253]],

 [[ 679, 252]],

 [[ 680, 252]],

 [[ 681, 251]],

 [[ 682, 250]],

 [[ 683, 249]],

 [[ 684, 248]],

 [[ 685, 247]],

 [[ 686, 247]],

 [[ 687, 246]],

 [[ 688, 245]],

 [[ 689, 245]],

 [[ 689, 244]],

 [[ 690, 243]],

 [[ 691, 243]],

 [[ 692, 242]],

 [[ 693, 241]],

 [[ 694, 240]],

 [[ 695, 239]],

 [[ 696, 239]],

 [[ 696, 238]],

 [[ 697, 237]],

 [[ 698, 236]],

 [[ 699, 236]],

 [[ 700, 235]],

 [[ 701, 234]],

 [[ 702, 233]],

 [[ 703, 232]],

 [[ 704, 231]],

 [[ 705, 230]],

 [[ 705, 229]],

 [[ 706, 228]],

 [[ 707, 227]],

 [[ 708, 227]],

 [[ 709, 226]],

 [[ 710, 225]],

 [[ 711, 224]],

 [[ 711, 223]],

 [[ 712, 222]],

 [[ 713, 221]],

 [[ 714, 220]],

 [[ 715, 219]],

 [[ 716, 218]],

 [[ 717, 217]],

 [[ 718, 216]],

 [[ 719, 215]],

 [[ 719, 214]],

 [[ 720, 213]],

 [[ 721, 212]],

 [[ 722, 211]],

 [[ 723, 210]],

 [[ 723, 209]],

 [[ 724, 208]],

 [[ 725, 207]],

 [[ 725, 206]],

 [[ 726, 205]],

 [[ 727, 204]],

 [[ 727, 203]],

 [[ 727, 202]],

 [[ 728, 201]],

 [[ 729, 200]],

 [[ 729, 199]],

 [[ 730, 198]],

 [[ 730, 197]],

 [[ 731, 196]],

 [[ 731, 195]],

 [[ 732, 194]],

 [[ 732, 193]],

 [[ 733, 192]],

 [[ 733, 191]],

 [[ 734, 190]],

 [[ 734, 189]],

 [[ 735, 188]],

 [[ 735, 187]],

 [[ 735, 186]],

 [[ 736, 185]],

 [[ 736, 184]],

 [[ 737, 183]],

 [[ 737, 182]],

 [[ 737, 181]],

 [[ 738, 180]],

 [[ 738, 179]],

 [[ 738, 178]],

 [[ 739, 177]],

 [[ 739, 176]],

 [[ 739, 175]],

 [[ 739, 174]],

 [[ 739, 173]],

 [[ 740, 172]],

 [[ 740, 171]],

 [[ 740, 170]],

 [[ 741, 169]],

 [[ 741, 168]],

 [[ 741, 167]],

 [[ 741, 166]],

 [[ 741, 165]],

 [[ 741, 164]],

 [[ 741, 163]],

 [[ 742, 162]],

 [[ 742, 161]],

 [[ 742, 160]],

 [[ 742, 159]],

 [[ 742, 158]],

 [[ 742, 157]],

 [[ 742, 156]],

 [[ 742, 155]],

 [[ 742, 154]],

 [[ 742, 153]],

 [[ 742, 152]],

 [[ 742, 151]],

 [[ 742, 150]],

 [[ 742, 149]],

 [[ 743, 148]],

 [[ 743, 147]],

 [[ 743, 146]],

 [[ 743, 145]],

 [[ 743, 144]],

 [[ 743, 143]],

 [[ 742, 142]],

 [[ 742, 141]],

 [[ 742, 140]],

 [[ 742, 139]],

 [[ 742, 138]],

 [[ 742, 137]],

 [[ 742, 136]],

 [[ 742, 135]],

 [[ 742, 134]],

 [[ 742, 133]],

 [[ 742, 132]],

 [[ 742, 131]],

 [[ 742, 130]],

 [[ 742, 129]],

 [[ 742, 128]],

 [[ 742, 127]],

 [[ 741, 126]],

 [[ 741, 125]],

 [[ 741, 124]],

 [[ 741, 123]],

 [[ 741, 122]],

 [[ 741, 121]],

 [[ 741, 120]],

 [[ 741, 119]],

 [[ 741, 118]],

 [[ 741, 117]],

 [[ 740, 116]],

 [[ 740, 115]],

 [[ 740, 114]],

 [[ 740, 113]],

 [[ 740, 112]],

 [[ 740, 111]],

 [[ 739, 110]],

 [[ 739, 109]],

 [[ 739, 108]],

 [[ 739, 107]],

 [[ 739, 106]],

 [[ 738, 105]],

 [[ 738, 104]],

 [[ 738, 103]],

 [[ 738, 102]],

 [[ 737, 101]],

 [[ 737, 100]],

 [[ 737,  99]],

 [[ 736,  98]],

 [[ 736,  97]],

 [[ 736,  96]],

 [[ 736,  95]],

 [[ 735,  94]],

 [[ 735,  93]],

 [[ 734,  92]],

 [[ 734,  91]],

 [[ 733,  90]],

 [[ 733,  89]],

 [[ 733,  88]],

 [[ 732,  87]],

 [[ 731,  86]],

 [[ 731,  85]],

 [[ 731,  84]],

 [[ 730,  83]],

 [[ 730,  82]],

 [[ 729,  81]],

 [[ 729,  80]],

 [[ 728,  79]],

 [[ 727,  78]],

 [[ 726,  77]],

 [[ 726,  76]],

 [[ 725,  75]],

 [[ 724,  74]],

 [[ 724,  73]],

 [[ 723,  72]],

 [[ 722,  71]],

 [[ 721,  70]],

 [[ 721,  69]],

 [[ 720,  68]],

 [[ 719,  67]],

 [[ 718,  66]],

 [[ 718,  65]],

 [[ 717,  64]],

 [[ 716,  63]],

 [[ 715,  62]],

 [[ 714,  61]],

 [[ 714,  60]],

 [[ 713,  59]],

 [[ 712,  58]],

 [[ 711,  57]],

 [[ 710,  56]],

 [[ 709,  55]],

 [[ 708,  54]],

 [[ 707,  53]],

 [[ 706,  52]],

 [[ 705,  51]],

 [[ 704,  50]],

 [[ 703,  49]],

 [[ 702,  48]],

 [[ 701,  47]],

 [[ 700,  46]],

 [[ 699,  46]],

 [[ 698,  45]],

 [[ 697,  44]],

 [[ 696,  43]],

 [[ 695,  42]],

 [[ 694,  42]],

 [[ 693,  41]],

 [[ 692,  40]],

 [[ 691,  39]],

 [[ 690,  38]],

 [[ 689,  38]],

 [[ 688,  37]],

 [[ 687,  36]],

 [[ 686,  36]],

 [[ 685,  35]],

 [[ 684,  34]],

 [[ 683,  34]],

 [[ 682,  33]],

 [[ 681,  32]],

 [[ 680,  32]],

 [[ 679,  31]],

 [[ 678,  31]],

 [[ 677,  30]],

 [[ 676,  30]],

 [[ 675,  29]],

 [[ 674,  29]],

 [[ 673,  28]],

 [[ 672,  28]],

 [[ 671,  27]],

 [[ 670,  27]],

 [[ 669,  26]],

 [[ 668,  26]],

 [[ 667,  25]],

 [[ 666,  25]],

 [[ 665,  24]],

 [[ 664,  24]],

 [[ 663,  24]],

 [[ 662,  23]],

 [[ 661,  23]],

 [[ 660,  22]],

 [[ 659,  22]],

 [[ 658,  22]],

 [[ 657,  21]],

 [[ 656,  21]],

 [[ 655,  20]],

 [[ 654,  20]],

 [[ 653,  20]],

 [[ 652,  19]],

 [[ 651,  19]],

 [[ 650,  18]],

 [[ 649,  18]],

 [[ 648,  18]],

 [[ 647,  17]],

 [[ 646,  17]],

 [[ 645,  16]],

 [[ 644,  16]],

 [[ 643,  16]],

 [[ 642,  15]],

 [[ 641,  15]],

 [[ 640,  14]],

 [[ 639,  14]],

 [[ 638,  14]],

 [[ 637,  13]],

 [[ 636,  13]],

 [[ 635,  12]],

 [[ 634,  12]],

 [[ 633,  12]],

 [[ 632,  11]],

 [[ 631,  11]],

 [[ 630,  10]],

 [[ 629,  10]],

 [[ 628,  10]],

 [[ 627,  10]],

 [[ 626,   9]],

 [[ 625,   9]],

 [[ 624,   9]],

 [[ 623,   8]],

 [[ 622,   8]],

 [[ 621,   8]],

 [[ 620,   7]],

 [[ 619,   7]],

 [[ 618,   7]],

 [[ 617,   6]],

 [[ 616,   6]],

 [[ 615,   6]],

 [[ 614,   6]],

 [[ 613,   5]],

 [[ 612,   5]],

 [[ 611,   5]],

 [[ 610,   4]],

 [[ 609,   4]],

 [[ 608,   4]],

 [[ 607,   4]],

 [[ 606,   3]],

 [[ 605,   3]],

 [[ 604,   3]],

 [[ 603,   3]],

 [[ 602,   3]],

 [[ 601,   2]],

 [[ 600,   2]],

 [[ 599,   2]],

 [[ 598,   2]],

 [[ 597,   2]],

 [[ 596,   2]],

 [[ 595,   1]],

 [[ 594,   1]],

 [[ 593,   1]],

 [[ 592,   1]],

 [[ 591,   1]],

 [[ 590,   1]],

 [[ 589,   1]],

 [[ 588,   1]],

 [[ 587,   1]],

 [[ 586,   1]],

 [[ 585,   1]],

 [[ 584,   1]],

 [[ 583,   1]],

 [[ 582,   1]],

 [[ 581,   0]],

 [[ 580,   0]],

 [[ 579,   0]],

 [[ 578,   0]],

 [[ 577,   0]],

 [[ 576,   0]],

 [[ 575,   0]],

 [[ 574,   0]],

 [[ 573,   0]],

 [[ 572,   0]],

 [[ 571,   0]],

 [[ 570,   0]],

 [[ 569,   0]],

 [[ 568,   0]],

 [[ 567,   0]],

 [[ 566,   0]],

 [[ 565,   0]],

 [[ 564,   0]],

 [[ 563,   0]],

 [[ 562,   0]],

 [[ 561,   0]],

 [[ 560,   0]],

 [[ 559,   0]],

 [[ 558,   0]],

 [[ 557,   0]],

 [[ 556,   0]],

 [[ 555,   0]],

 [[ 554,   0]],

 [[ 553,   1]],

 [[ 552,   1]],

 [[ 551,   0]],

 [[ 550,   0]]]