[[[ 169,   0]],

 [[ 168,   1]],

 [[ 167,   2]],

 [[ 166,   2]],

 [[ 165,   2]],

 [[ 164,   2]],

 [[ 163,   2]],

 [[ 162,   2]],

 [[ 161,   2]],

 [[ 160,   2]],

 [[ 159,   2]],

 [[ 158,   2]],

 [[ 157,   2]],

 [[ 156,   2]],

 [[ 155,   2]],

 [[ 154,   3]],

 [[ 153,   4]],

 [[ 152,   4]],

 [[ 151,   4]],

 [[ 150,   4]],

 [[ 149,   4]],

 [[ 148,   5]],

 [[ 147,   6]],

 [[ 146,   6]],

 [[ 145,   6]],

 [[ 144,   6]],

 [[ 143,   6]],

 [[ 142,   6]],

 [[ 142,   7]],

 [[ 141,   8]],

 [[ 140,   8]],

 [[ 139,   8]],

 [[ 138,   8]],

 [[ 137,   8]],

 [[ 136,   9]],

 [[ 135,  10]],

 [[ 134,  11]],

 [[ 133,  12]],

 [[ 132,  12]],

 [[ 131,  12]],

 [[ 130,  12]],

 [[ 129,  12]],

 [[ 128,  12]],

 [[ 128,  13]],

 [[ 127,  14]],

 [[ 126,  14]],

 [[ 125,  14]],

 [[ 124,  15]],

 [[ 123,  16]],

 [[ 122,  16]],

 [[ 121,  16]],

 [[ 120,  16]],

 [[ 119,  16]],

 [[ 118,  17]],

 [[ 117,  18]],

 [[ 116,  18]],

 [[ 116,  19]],

 [[ 115,  20]],

 [[ 114,  20]],

 [[ 113,  20]],

 [[ 112,  21]],

 [[ 111,  22]],

 [[ 110,  23]],

 [[ 109,  24]],

 [[ 108,  24]],

 [[ 107,  24]],

 [[ 106,  25]],

 [[ 105,  26]],

 [[ 104,  26]],

 [[ 103,  26]],

 [[ 102,  27]],

 [[ 101,  28]],

 [[ 100,  29]],

 [[  99,  30]],

 [[  98,  31]],

 [[  97,  32]],

 [[  96,  32]],

 [[  95,  32]],

 [[  94,  33]],

 [[  93,  34]],

 [[  92,  35]],

 [[  91,  36]],

 [[  90,  37]],

 [[  89,  38]],

 [[  88,  39]],

 [[  87,  40]],

 [[  86,  41]],

 [[  85,  42]],

 [[  84,  43]],

 [[  83,  44]],

 [[  82,  45]],

 [[  81,  46]],

 [[  80,  47]],

 [[  79,  48]],

 [[  78,  49]],

 [[  77,  50]],

 [[  76,  51]],

 [[  75,  52]],

 [[  74,  53]],

 [[  73,  54]],

 [[  72,  55]],

 [[  71,  56]],

 [[  70,  56]],

 [[  70,  57]],

 [[  69,  58]],

 [[  68,  59]],

 [[  67,  60]],

 [[  66,  61]],

 [[  66,  62]],

 [[  66,  63]],

 [[  65,  64]],

 [[  64,  65]],

 [[  64,  66]],

 [[  64,  67]],

 [[  63,  68]],

 [[  62,  69]],

 [[  61,  70]],

 [[  60,  71]],

 [[  59,  72]],

 [[  58,  73]],

 [[  58,  74]],

 [[  58,  75]],

 [[  57,  76]],

 [[  56,  77]],

 [[  56,  78]],

 [[  56,  79]],

 [[  55,  80]],

 [[  54,  80]],

 [[  54,  81]],

 [[  53,  82]],

 [[  52,  83]],

 [[  51,  84]],

 [[  50,  85]],

 [[  50,  86]],

 [[  50,  87]],

 [[  49,  88]],

 [[  48,  89]],

 [[  48,  90]],

 [[  48,  91]],

 [[  47,  92]],

 [[  46,  93]],

 [[  45,  94]],

 [[  44,  95]],

 [[  44,  96]],

 [[  44,  97]],

 [[  44,  98]],

 [[  44,  99]],

 [[  44, 100]],

 [[  44, 101]],

 [[  44, 102]],

 [[  44, 103]],

 [[  43, 104]],

 [[  42, 105]],

 [[  42, 106]],

 [[  42, 107]],

 [[  41, 108]],

 [[  40, 109]],

 [[  39, 110]],

 [[  38, 111]],

 [[  38, 112]],

 [[  38, 113]],

 [[  38, 114]],

 [[  38, 115]],

 [[  38, 116]],

 [[  38, 117]],

 [[  38, 118]],

 [[  38, 119]],

 [[  38, 120]],

 [[  38, 121]],

 [[  38, 122]],

 [[  38, 123]],

 [[  38, 124]],

 [[  38, 125]],

 [[  37, 126]],

 [[  36, 127]],

 [[  35, 128]],

 [[  34, 129]],

 [[  34, 130]],

 [[  34, 131]],

 [[  33, 132]],

 [[  32, 133]],

 [[  32, 134]],

 [[  32, 135]],

 [[  32, 136]],

 [[  32, 137]],

 [[  32, 138]],

 [[  32, 139]],

 [[  32, 140]],

 [[  32, 141]],

 [[  31, 142]],

 [[  30, 143]],

 [[  30, 144]],

 [[  30, 145]],

 [[  30, 146]],

 [[  30, 147]],

 [[  30, 148]],

 [[  30, 149]],

 [[  30, 150]],

 [[  30, 151]],

 [[  30, 152]],

 [[  30, 153]],

 [[  30, 154]],

 [[  30, 155]],

 [[  29, 156]],

 [[  28, 156]],

 [[  28, 157]],

 [[  28, 158]],

 [[  28, 159]],

 [[  28, 160]],

 [[  28, 161]],

 [[  28, 162]],

 [[  28, 163]],

 [[  28, 164]],

 [[  28, 165]],

 [[  28, 166]],

 [[  28, 167]],

 [[  28, 168]],

 [[  28, 169]],

 [[  28, 170]],

 [[  28, 171]],

 [[  28, 172]],

 [[  28, 173]],

 [[  27, 174]],

 [[  26, 175]],

 [[  26, 176]],

 [[  26, 177]],

 [[  26, 178]],

 [[  26, 179]],

 [[  26, 180]],

 [[  26, 181]],

 [[  26, 182]],

 [[  26, 183]],

 [[  26, 184]],

 [[  26, 185]],

 [[  26, 186]],

 [[  26, 187]],

 [[  26, 188]],

 [[  26, 189]],

 [[  26, 190]],

 [[  27, 191]],

 [[  28, 192]],

 [[  28, 193]],

 [[  28, 194]],

 [[  28, 195]],

 [[  27, 196]],

 [[  26, 196]],

 [[  26, 197]],

 [[  26, 198]],

 [[  26, 199]],

 [[  26, 200]],

 [[  26, 201]],

 [[  26, 202]],

 [[  26, 203]],

 [[  26, 204]],

 [[  26, 205]],

 [[  26, 206]],

 [[  26, 207]],

 [[  25, 208]],

 [[  24, 209]],

 [[  24, 210]],

 [[  24, 211]],

 [[  24, 212]],

 [[  24, 213]],

 [[  24, 214]],

 [[  24, 215]],

 [[  24, 216]],

 [[  24, 217]],

 [[  24, 218]],

 [[  24, 219]],

 [[  24, 220]],

 [[  24, 221]],

 [[  24, 222]],

 [[  24, 223]],

 [[  24, 224]],

 [[  24, 225]],

 [[  24, 226]],

 [[  24, 227]],

 [[  24, 228]],

 [[  24, 229]],

 [[  24, 230]],

 [[  24, 231]],

 [[  24, 232]],

 [[  24, 233]],

 [[  24, 234]],

 [[  24, 235]],

 [[  24, 236]],

 [[  24, 237]],

 [[  24, 238]],

 [[  24, 239]],

 [[  24, 240]],

 [[  24, 241]],

 [[  24, 242]],

 [[  24, 243]],

 [[  24, 244]],

 [[  24, 245]],

 [[  24, 246]],

 [[  24, 247]],

 [[  24, 248]],

 [[  24, 249]],

 [[  24, 250]],

 [[  24, 251]],

 [[  24, 252]],

 [[  24, 253]],

 [[  24, 254]],

 [[  24, 255]],

 [[  24, 256]],

 [[  24, 257]],

 [[  23, 258]],

 [[  22, 259]],

 [[  22, 260]],

 [[  22, 261]],

 [[  22, 262]],

 [[  22, 263]],

 [[  22, 264]],

 [[  22, 265]],

 [[  22, 266]],

 [[  22, 267]],

 [[  22, 268]],

 [[  22, 269]],

 [[  22, 270]],

 [[  22, 271]],

 [[  22, 272]],

 [[  23, 273]],

 [[  24, 274]],

 [[  24, 275]],

 [[  24, 276]],

 [[  24, 277]],

 [[  24, 278]],

 [[  24, 279]],

 [[  23, 280]],

 [[  22, 280]],

 [[  22, 281]],

 [[  22, 282]],

 [[  22, 283]],

 [[  22, 284]],

 [[  22, 285]],

 [[  22, 286]],

 [[  22, 287]],

 [[  22, 288]],

 [[  22, 289]],

 [[  22, 290]],

 [[  22, 291]],

 [[  22, 292]],

 [[  22, 293]],

 [[  22, 294]],

 [[  22, 295]],

 [[  22, 296]],

 [[  22, 297]],

 [[  22, 298]],

 [[  22, 299]],

 [[  22, 300]],

 [[  22, 301]],

 [[  22, 302]],

 [[  22, 303]],

 [[  22, 304]],

 [[  22, 305]],

 [[  22, 306]],

 [[  22, 307]],

 [[  22, 308]],

 [[  22, 309]],

 [[  22, 310]],

 [[  22, 311]],

 [[  22, 312]],

 [[  22, 313]],

 [[  22, 314]],

 [[  22, 315]],

 [[  22, 316]],

 [[  22, 317]],

 [[  21, 318]],

 [[  20, 319]],

 [[  20, 320]],

 [[  20, 321]],

 [[  20, 322]],

 [[  20, 323]],

 [[  20, 324]],

 [[  20, 325]],

 [[  20, 326]],

 [[  20, 327]],

 [[  20, 328]],

 [[  20, 329]],

 [[  20, 330]],

 [[  20, 331]],

 [[  20, 332]],

 [[  20, 333]],

 [[  20, 334]],

 [[  20, 335]],

 [[  20, 336]],

 [[  20, 337]],

 [[  20, 338]],

 [[  20, 339]],

 [[  20, 340]],

 [[  20, 341]],

 [[  20, 342]],

 [[  20, 343]],

 [[  20, 344]],

 [[  20, 345]],

 [[  20, 346]],

 [[  20, 347]],

 [[  20, 348]],

 [[  20, 349]],

 [[  20, 350]],

 [[  20, 351]],

 [[  19, 352]],

 [[  18, 352]],

 [[  18, 353]],

 [[  18, 354]],

 [[  18, 355]],

 [[  18, 356]],

 [[  18, 357]],

 [[  18, 358]],

 [[  18, 359]],

 [[  18, 360]],

 [[  18, 361]],

 [[  18, 362]],

 [[  18, 363]],

 [[  18, 364]],

 [[  18, 365]],

 [[  18, 366]],

 [[  18, 367]],

 [[  18, 368]],

 [[  18, 369]],

 [[  18, 370]],

 [[  18, 371]],

 [[  18, 372]],

 [[  18, 373]],

 [[  18, 374]],

 [[  18, 375]],

 [[  18, 376]],

 [[  18, 377]],

 [[  18, 378]],

 [[  18, 379]],

 [[  18, 380]],

 [[  18, 381]],

 [[  18, 382]],

 [[  18, 383]],

 [[  18, 384]],

 [[  18, 385]],

 [[  18, 386]],

 [[  18, 387]],

 [[  18, 388]],

 [[  18, 389]],

 [[  17, 390]],

 [[  16, 390]],

 [[  16, 391]],

 [[  16, 392]],

 [[  16, 393]],

 [[  16, 394]],

 [[  16, 395]],

 [[  16, 396]],

 [[  16, 397]],

 [[  16, 398]],

 [[  17, 399]],

 [[  18, 400]],

 [[  18, 401]],

 [[  18, 402]],

 [[  18, 403]],

 [[  17, 404]],

 [[  16, 405]],

 [[  16, 406]],

 [[  16, 407]],

 [[  16, 408]],

 [[  16, 409]],

 [[  16, 410]],

 [[  16, 411]],

 [[  16, 412]],

 [[  16, 413]],

 [[  16, 414]],

 [[  16, 415]],

 [[  16, 416]],

 [[  16, 417]],

 [[  16, 418]],

 [[  16, 419]],

 [[  16, 420]],

 [[  16, 421]],

 [[  16, 422]],

 [[  16, 423]],

 [[  16, 424]],

 [[  16, 425]],

 [[  16, 426]],

 [[  16, 427]],

 [[  16, 428]],

 [[  16, 429]],

 [[  16, 430]],

 [[  16, 431]],

 [[  16, 432]],

 [[  16, 433]],

 [[  16, 434]],

 [[  16, 435]],

 [[  16, 436]],

 [[  16, 437]],

 [[  16, 438]],

 [[  16, 439]],

 [[  16, 440]],

 [[  16, 441]],

 [[  16, 442]],

 [[  16, 443]],

 [[  15, 444]],

 [[  14, 445]],

 [[  14, 446]],

 [[  14, 447]],

 [[  14, 448]],

 [[  14, 449]],

 [[  14, 450]],

 [[  14, 451]],

 [[  14, 452]],

 [[  14, 453]],

 [[  14, 454]],

 [[  14, 455]],

 [[  14, 456]],

 [[  14, 457]],

 [[  14, 458]],

 [[  14, 459]],

 [[  14, 460]],

 [[  15, 461]],

 [[  16, 462]],

 [[  16, 463]],

 [[  16, 464]],

 [[  16, 465]],

 [[  15, 466]],

 [[  14, 466]],

 [[  14, 467]],

 [[  14, 468]],

 [[  14, 469]],

 [[  14, 470]],

 [[  14, 471]],

 [[  14, 472]],

 [[  14, 473]],

 [[  14, 474]],

 [[  14, 475]],

 [[  14, 476]],

 [[  14, 477]],

 [[  14, 478]],

 [[  14, 479]],

 [[  14, 480]],

 [[  14, 481]],

 [[  14, 482]],

 [[  14, 483]],

 [[  14, 484]],

 [[  14, 485]],

 [[  14, 486]],

 [[  14, 487]],

 [[  13, 488]],

 [[  12, 488]],

 [[  12, 489]],

 [[  12, 490]],

 [[  12, 491]],

 [[  13, 492]],

 [[  12, 493]],

 [[  12, 494]],

 [[  13, 495]],

 [[  14, 496]],

 [[  14, 497]],

 [[  14, 498]],

 [[  14, 499]],

 [[  13, 500]],

 [[  12, 500]],

 [[  12, 501]],

 [[  12, 502]],

 [[  12, 503]],

 [[  12, 504]],

 [[  12, 505]],

 [[  12, 506]],

 [[  12, 507]],

 [[  12, 508]],

 [[  13, 509]],

 [[  14, 510]],

 [[  14, 511]],

 [[  14, 512]],

 [[  14, 513]],

 [[  14, 514]],

 [[  14, 515]],

 [[  13, 516]],

 [[  12, 517]],

 [[  12, 518]],

 [[  12, 519]],

 [[  12, 520]],

 [[  12, 521]],

 [[  12, 522]],

 [[  12, 523]],

 [[  12, 524]],

 [[  12, 525]],

 [[  12, 526]],

 [[  12, 527]],

 [[  12, 528]],

 [[  12, 529]],

 [[  12, 530]],

 [[  12, 531]],

 [[  12, 532]],

 [[  12, 533]],

 [[  12, 534]],

 [[  12, 535]],

 [[  12, 536]],

 [[  12, 537]],

 [[  12, 538]],

 [[  12, 539]],

 [[  12, 540]],

 [[  12, 541]],

 [[  12, 542]],

 [[  12, 543]],

 [[  12, 544]],

 [[  12, 545]],

 [[  12, 546]],

 [[  12, 547]],

 [[  12, 548]],

 [[  12, 549]],

 [[  12, 550]],

 [[  12, 551]],

 [[  12, 552]],

 [[  12, 553]],

 [[  12, 554]],

 [[  12, 555]],

 [[  12, 556]],

 [[  12, 557]],

 [[  11, 558]],

 [[  10, 559]],

 [[  10, 560]],

 [[  11, 561]],

 [[  10, 562]],

 [[  10, 563]],

 [[  10, 564]],

 [[  10, 565]],

 [[  10, 566]],

 [[  10, 567]],

 [[  10, 568]],

 [[  10, 569]],

 [[  10, 570]],

 [[  10, 571]],

 [[  10, 572]],

 [[  10, 573]],

 [[  10, 574]],

 [[  10, 575]],

 [[  10, 576]],

 [[  10, 577]],

 [[  10, 578]],

 [[  10, 579]],

 [[  10, 580]],

 [[  10, 581]],

 [[  10, 582]],

 [[  10, 583]],

 [[  10, 584]],

 [[  10, 585]],

 [[  10, 586]],

 [[  10, 587]],

 [[  10, 588]],

 [[  10, 589]],

 [[  10, 590]],

 [[  10, 591]],

 [[  10, 592]],

 [[  10, 593]],

 [[  10, 594]],

 [[  10, 595]],

 [[  10, 596]],

 [[  10, 597]],

 [[  10, 598]],

 [[  10, 599]],

 [[  10, 600]],

 [[  10, 601]],

 [[  10, 602]],

 [[  10, 603]],

 [[  10, 604]],

 [[  10, 605]],

 [[  10, 606]],

 [[  10, 607]],

 [[  10, 608]],

 [[  10, 609]],

 [[  10, 610]],

 [[  10, 611]],

 [[  10, 612]],

 [[  10, 613]],

 [[   9, 614]],

 [[   8, 614]],

 [[   8, 615]],

 [[   8, 616]],

 [[   8, 617]],

 [[   8, 618]],

 [[   8, 619]],

 [[   8, 620]],

 [[   8, 621]],

 [[   8, 622]],

 [[   8, 623]],

 [[   8, 624]],

 [[   8, 625]],

 [[   8, 626]],

 [[   8, 627]],

 [[   8, 628]],

 [[   8, 629]],

 [[   8, 630]],

 [[   8, 631]],

 [[   8, 632]],

 [[   8, 633]],

 [[   8, 634]],

 [[   8, 635]],

 [[   8, 636]],

 [[   8, 637]],

 [[   8, 638]],

 [[   8, 639]],

 [[   8, 640]],

 [[   8, 641]],

 [[   8, 642]],

 [[   8, 643]],

 [[   8, 644]],

 [[   8, 645]],

 [[   8, 646]],

 [[   8, 647]],

 [[   8, 648]],

 [[   8, 649]],

 [[   8, 650]],

 [[   8, 651]],

 [[   8, 652]],

 [[   8, 653]],

 [[   8, 654]],

 [[   8, 655]],

 [[   8, 656]],

 [[   8, 657]],

 [[   8, 658]],

 [[   8, 659]],

 [[   8, 660]],

 [[   8, 661]],

 [[   8, 662]],

 [[   8, 663]],

 [[   7, 664]],

 [[   6, 664]],

 [[   6, 665]],

 [[   6, 666]],

 [[   6, 667]],

 [[   6, 668]],

 [[   6, 669]],

 [[   6, 670]],

 [[   6, 671]],

 [[   6, 672]],

 [[   6, 673]],

 [[   6, 674]],

 [[   6, 675]],

 [[   6, 676]],

 [[   6, 677]],

 [[   6, 678]],

 [[   6, 679]],

 [[   6, 680]],

 [[   6, 681]],

 [[   6, 682]],

 [[   6, 683]],

 [[   6, 684]],

 [[   6, 685]],

 [[   6, 686]],

 [[   6, 687]],

 [[   6, 688]],

 [[   6, 689]],

 [[   6, 690]],

 [[   6, 691]],

 [[   6, 692]],

 [[   6, 693]],

 [[   6, 694]],

 [[   6, 695]],

 [[   6, 696]],

 [[   6, 697]],

 [[   6, 698]],

 [[   6, 699]],

 [[   6, 700]],

 [[   6, 701]],

 [[   5, 702]],

 [[   4, 703]],

 [[   4, 704]],

 [[   4, 705]],

 [[   4, 706]],

 [[   4, 707]],

 [[   4, 708]],

 [[   4, 709]],

 [[   4, 710]],

 [[   4, 711]],

 [[   4, 712]],

 [[   4, 713]],

 [[   4, 714]],

 [[   4, 715]],

 [[   5, 715]],

 [[   6, 716]],

 [[   6, 717]],

 [[   6, 718]],

 [[   6, 719]],

 [[   6, 720]],

 [[   6, 721]],

 [[   6, 722]],

 [[   6, 723]],

 [[   6, 724]],

 [[   6, 725]],

 [[   5, 726]],

 [[   4, 726]],

 [[   4, 727]],

 [[   4, 728]],

 [[   4, 729]],

 [[   4, 730]],

 [[   4, 731]],

 [[   4, 732]],

 [[   4, 733]],

 [[   4, 734]],

 [[   4, 735]],

 [[   4, 736]],

 [[   4, 737]],

 [[   4, 738]],

 [[   4, 739]],

 [[   4, 740]],

 [[   4, 741]],

 [[   4, 742]],

 [[   4, 743]],

 [[   4, 744]],

 [[   4, 745]],

 [[   4, 746]],

 [[   4, 747]],

 [[   4, 748]],

 [[   4, 749]],

 [[   4, 750]],

 [[   4, 751]],

 [[   4, 752]],

 [[   4, 753]],

 [[   4, 754]],

 [[   4, 755]],

 [[   4, 756]],

 [[   4, 757]],

 [[   4, 758]],

 [[   4, 759]],

 [[   4, 760]],

 [[   4, 761]],

 [[   4, 762]],

 [[   4, 763]],

 [[   4, 764]],

 [[   4, 765]],

 [[   4, 766]],

 [[   4, 767]],

 [[   3, 768]],

 [[   2, 768]],

 [[   2, 769]],

 [[   2, 770]],

 [[   2, 771]],

 [[   2, 772]],

 [[   2, 773]],

 [[   2, 774]],

 [[   2, 775]],

 [[   2, 776]],

 [[   2, 777]],

 [[   2, 778]],

 [[   2, 779]],

 [[   2, 780]],

 [[   2, 781]],

 [[   2, 782]],

 [[   2, 783]],

 [[   2, 784]],

 [[   2, 785]],

 [[   2, 786]],

 [[   2, 787]],

 [[   2, 788]],

 [[   2, 789]],

 [[   2, 790]],

 [[   2, 791]],

 [[   2, 792]],

 [[   2, 793]],

 [[   2, 794]],

 [[   2, 795]],

 [[   2, 796]],

 [[   2, 797]],

 [[   2, 798]],

 [[   2, 799]],

 [[   2, 800]],

 [[   2, 801]],

 [[   2, 802]],

 [[   2, 803]],

 [[   2, 804]],

 [[   2, 805]],

 [[   2, 806]],

 [[   2, 807]],

 [[   2, 808]],

 [[   2, 809]],

 [[   2, 810]],

 [[   2, 811]],

 [[   2, 812]],

 [[   2, 813]],

 [[   2, 814]],

 [[   2, 815]],

 [[   2, 816]],

 [[   2, 817]],

 [[   2, 818]],

 [[   2, 819]],

 [[   1, 820]],

 [[   0, 820]],

 [[   0, 821]],

 [[   0, 822]],

 [[   0, 823]],

 [[   0, 824]],

 [[   0, 825]],

 [[   0, 826]],

 [[   0, 827]],

 [[   0, 828]],

 [[   0, 829]],

 [[   0, 830]],

 [[   0, 831]],

 [[   0, 832]],

 [[   0, 833]],

 [[   0, 834]],

 [[   0, 835]],

 [[   0, 836]],

 [[   0, 837]],

 [[   0, 838]],

 [[   0, 839]],

 [[   0, 840]],

 [[   0, 841]],

 [[   0, 842]],

 [[   0, 843]],

 [[   0, 844]],

 [[   0, 845]],

 [[   0, 846]],

 [[   0, 847]],

 [[   0, 848]],

 [[   0, 849]],

 [[   0, 850]],

 [[   0, 851]],

 [[   0, 852]],

 [[   0, 853]],

 [[   0, 854]],

 [[   0, 855]],

 [[   0, 856]],

 [[   0, 857]],

 [[   0, 858]],

 [[   0, 859]],

 [[   0, 860]],

 [[   0, 861]],

 [[   0, 862]],

 [[   0, 863]],

 [[   0, 864]],

 [[   0, 865]],

 [[   0, 866]],

 [[   0, 867]],

 [[   0, 868]],

 [[   0, 869]],

 [[   0, 870]],

 [[   0, 871]],

 [[   0, 872]],

 [[   0, 873]],

 [[   0, 874]],

 [[   0, 875]],

 [[   0, 876]],

 [[   0, 877]],

 [[   0, 878]],

 [[   0, 879]],

 [[   0, 880]],

 [[   0, 881]],

 [[   0, 882]],

 [[   0, 883]],

 [[   0, 884]],

 [[   0, 885]],

 [[   0, 886]],

 [[   1, 887]],

 [[   2, 887]],

 [[   3, 887]],

 [[   4, 887]],

 [[   5, 887]],

 [[   6, 887]],

 [[   7, 887]],

 [[   8, 887]],

 [[   9, 887]],

 [[  10, 887]],

 [[  11, 887]],

 [[  12, 887]],

 [[  13, 887]],

 [[  14, 887]],

 [[  15, 887]],

 [[  16, 887]],

 [[  17, 887]],

 [[  18, 887]],

 [[  19, 887]],

 [[  20, 887]],

 [[  21, 887]],

 [[  22, 887]],

 [[  23, 887]],

 [[  24, 887]],

 [[  25, 887]],

 [[  26, 887]],

 [[  27, 887]],

 [[  28, 887]],

 [[  29, 887]],

 [[  29, 886]],

 [[  30, 885]],

 [[  31, 885]],

 [[  32, 885]],

 [[  33, 885]],

 [[  34, 885]],

 [[  35, 885]],

 [[  36, 886]],

 [[  36, 887]],

 [[  37, 887]],

 [[  38, 887]],

 [[  39, 887]],

 [[  40, 887]],

 [[  41, 887]],

 [[  42, 887]],

 [[  43, 887]],

 [[  44, 887]],

 [[  45, 887]],

 [[  46, 887]],

 [[  47, 887]],

 [[  48, 887]],

 [[  49, 887]],

 [[  50, 887]],

 [[  51, 887]],

 [[  52, 887]],

 [[  53, 887]],

 [[  54, 887]],

 [[  55, 887]],

 [[  56, 888]],

 [[  57, 889]],

 [[  58, 889]],

 [[  59, 889]],

 [[  60, 889]],

 [[  61, 889]],

 [[  62, 889]],

 [[  63, 889]],

 [[  64, 889]],

 [[  65, 889]],

 [[  66, 889]],

 [[  67, 889]],

 [[  68, 889]],

 [[  69, 889]],

 [[  69, 888]],

 [[  70, 887]],

 [[  71, 887]],

 [[  72, 887]],

 [[  73, 887]],

 [[  74, 887]],

 [[  75, 887]],

 [[  76, 887]],

 [[  77, 887]],

 [[  78, 887]],

 [[  79, 887]],

 [[  80, 887]],

 [[  81, 887]],

 [[  82, 887]],

 [[  83, 887]],

 [[  84, 887]],

 [[  85, 887]],

 [[  86, 887]],

 [[  87, 887]],

 [[  88, 887]],

 [[  89, 887]],

 [[  90, 887]],

 [[  91, 887]],

 [[  92, 887]],

 [[  93, 887]],

 [[  94, 887]],

 [[  95, 887]],

 [[  96, 887]],

 [[  97, 887]],

 [[  98, 887]],

 [[  99, 887]],

 [[ 100, 887]],

 [[ 101, 887]],

 [[ 102, 888]],

 [[ 103, 889]],

 [[ 104, 889]],

 [[ 105, 889]],

 [[ 106, 889]],

 [[ 107, 889]],

 [[ 108, 889]],

 [[ 109, 889]],

 [[ 110, 889]],

 [[ 111, 889]],

 [[ 112, 889]],

 [[ 113, 889]],

 [[ 114, 889]],

 [[ 115, 889]],

 [[ 116, 889]],

 [[ 117, 889]],

 [[ 118, 889]],

 [[ 119, 889]],

 [[ 120, 889]],

 [[ 121, 889]],

 [[ 122, 889]],

 [[ 123, 889]],

 [[ 124, 889]],

 [[ 125, 889]],

 [[ 126, 889]],

 [[ 127, 889]],

 [[ 128, 889]],

 [[ 129, 889]],

 [[ 130, 889]],

 [[ 131, 889]],

 [[ 132, 889]],

 [[ 133, 889]],

 [[ 134, 889]],

 [[ 135, 889]],

 [[ 136, 889]],

 [[ 137, 889]],

 [[ 138, 889]],

 [[ 139, 889]],

 [[ 140, 889]],

 [[ 141, 889]],

 [[ 142, 889]],

 [[ 143, 889]],

 [[ 144, 889]],

 [[ 145, 889]],

 [[ 146, 889]],

 [[ 147, 889]],

 [[ 148, 889]],

 [[ 149, 889]],

 [[ 150, 889]],

 [[ 151, 889]],

 [[ 152, 889]],

 [[ 153, 889]],

 [[ 154, 890]],

 [[ 155, 891]],

 [[ 156, 891]],

 [[ 157, 891]],

 [[ 158, 891]],

 [[ 159, 891]],

 [[ 160, 891]],

 [[ 161, 891]],

 [[ 162, 891]],

 [[ 163, 891]],

 [[ 164, 891]],

 [[ 165, 891]],

 [[ 166, 891]],

 [[ 167, 891]],

 [[ 168, 891]],

 [[ 169, 891]],

 [[ 170, 891]],

 [[ 171, 891]],

 [[ 172, 891]],

 [[ 173, 891]],

 [[ 174, 891]],

 [[ 175, 891]],

 [[ 176, 891]],

 [[ 177, 891]],

 [[ 178, 892]],

 [[ 178, 893]],

 [[ 179, 893]],

 [[ 180, 893]],

 [[ 181, 893]],

 [[ 182, 893]],

 [[ 183, 893]],

 [[ 184, 893]],

 [[ 185, 893]],

 [[ 186, 893]],

 [[ 187, 893]],

 [[ 188, 893]],

 [[ 189, 893]],

 [[ 190, 893]],

 [[ 191, 893]],

 [[ 192, 893]],

 [[ 193, 893]],

 [[ 194, 893]],

 [[ 195, 893]],

 [[ 196, 893]],

 [[ 197, 893]],

 [[ 198, 893]],

 [[ 199, 893]],

 [[ 200, 893]],

 [[ 201, 893]],

 [[ 202, 893]],

 [[ 203, 893]],

 [[ 204, 893]],

 [[ 205, 893]],

 [[ 206, 893]],

 [[ 207, 893]],

 [[ 208, 893]],

 [[ 209, 893]],

 [[ 210, 893]],

 [[ 211, 893]],

 [[ 212, 893]],

 [[ 213, 893]],

 [[ 214, 893]],

 [[ 215, 893]],

 [[ 216, 893]],

 [[ 217, 893]],

 [[ 218, 893]],

 [[ 219, 893]],

 [[ 220, 893]],

 [[ 221, 893]],

 [[ 222, 893]],

 [[ 223, 893]],

 [[ 224, 893]],

 [[ 225, 893]],

 [[ 226, 894]],

 [[ 227, 895]],

 [[ 228, 895]],

 [[ 229, 895]],

 [[ 230, 895]],

 [[ 231, 895]],

 [[ 232, 895]],

 [[ 233, 895]],

 [[ 234, 895]],

 [[ 235, 895]],

 [[ 236, 895]],

 [[ 237, 895]],

 [[ 238, 895]],

 [[ 239, 895]],

 [[ 240, 895]],

 [[ 241, 895]],

 [[ 242, 895]],

 [[ 243, 895]],

 [[ 244, 895]],

 [[ 245, 895]],

 [[ 246, 895]],

 [[ 247, 895]],

 [[ 248, 895]],

 [[ 249, 895]],

 [[ 250, 895]],

 [[ 251, 895]],

 [[ 252, 895]],

 [[ 253, 895]],

 [[ 254, 896]],

 [[ 255, 897]],

 [[ 256, 897]],

 [[ 257, 897]],

 [[ 258, 897]],

 [[ 259, 897]],

 [[ 260, 897]],

 [[ 261, 897]],

 [[ 262, 897]],

 [[ 263, 897]],

 [[ 264, 897]],

 [[ 265, 897]],

 [[ 266, 897]],

 [[ 267, 897]],

 [[ 268, 897]],

 [[ 269, 897]],

 [[ 270, 897]],

 [[ 271, 897]],

 [[ 272, 897]],

 [[ 273, 897]],

 [[ 274, 897]],

 [[ 275, 897]],

 [[ 276, 897]],

 [[ 277, 897]],

 [[ 278, 897]],

 [[ 279, 897]],

 [[ 280, 897]],

 [[ 281, 897]],

 [[ 282, 897]],

 [[ 283, 897]],

 [[ 284, 897]],

 [[ 285, 897]],

 [[ 286, 897]],

 [[ 287, 897]],

 [[ 288, 897]],

 [[ 289, 897]],

 [[ 290, 897]],

 [[ 291, 897]],

 [[ 292, 898]],

 [[ 292, 899]],

 [[ 293, 899]],

 [[ 294, 899]],

 [[ 295, 899]],

 [[ 296, 899]],

 [[ 297, 899]],

 [[ 298, 899]],

 [[ 299, 899]],

 [[ 300, 899]],

 [[ 301, 899]],

 [[ 302, 899]],

 [[ 303, 899]],

 [[ 304, 899]],

 [[ 305, 899]],

 [[ 306, 899]],

 [[ 307, 899]],

 [[ 308, 899]],

 [[ 309, 899]],

 [[ 310, 899]],

 [[ 311, 899]],

 [[ 312, 899]],

 [[ 313, 899]],

 [[ 314, 899]],

 [[ 315, 899]],

 [[ 316, 899]],

 [[ 317, 899]],

 [[ 318, 899]],

 [[ 319, 899]],

 [[ 320, 899]],

 [[ 321, 899]],

 [[ 322, 899]],

 [[ 323, 899]],

 [[ 324, 899]],

 [[ 325, 899]],

 [[ 326, 899]],

 [[ 327, 899]],

 [[ 328, 899]],

 [[ 329, 899]],

 [[ 330, 899]],

 [[ 331, 899]],

 [[ 332, 900]],

 [[ 333, 901]],

 [[ 334, 901]],

 [[ 335, 901]],

 [[ 336, 901]],

 [[ 337, 901]],

 [[ 338, 901]],

 [[ 339, 901]],

 [[ 340, 901]],

 [[ 341, 901]],

 [[ 342, 901]],

 [[ 343, 901]],

 [[ 344, 901]],

 [[ 345, 901]],

 [[ 346, 901]],

 [[ 347, 901]],

 [[ 348, 901]],

 [[ 349, 901]],

 [[ 350, 901]],

 [[ 351, 901]],

 [[ 352, 901]],

 [[ 353, 901]],

 [[ 354, 901]],

 [[ 355, 901]],

 [[ 356, 901]],

 [[ 357, 901]],

 [[ 358, 902]],

 [[ 358, 903]],

 [[ 359, 903]],

 [[ 360, 903]],

 [[ 361, 903]],

 [[ 362, 903]],

 [[ 363, 903]],

 [[ 364, 903]],

 [[ 365, 903]],

 [[ 366, 903]],

 [[ 367, 903]],

 [[ 368, 903]],

 [[ 369, 903]],

 [[ 370, 903]],

 [[ 371, 903]],

 [[ 372, 903]],

 [[ 373, 903]],

 [[ 374, 903]],

 [[ 375, 903]],

 [[ 376, 903]],

 [[ 377, 903]],

 [[ 378, 903]],

 [[ 379, 903]],

 [[ 380, 903]],

 [[ 381, 903]],

 [[ 382, 903]],

 [[ 383, 903]],

 [[ 383, 902]],

 [[ 384, 901]],

 [[ 385, 901]],

 [[ 386, 901]],

 [[ 387, 901]],

 [[ 388, 901]],

 [[ 389, 901]],

 [[ 390, 901]],

 [[ 391, 901]],

 [[ 392, 901]],

 [[ 393, 901]],

 [[ 394, 901]],

 [[ 395, 901]],

 [[ 396, 901]],

 [[ 397, 901]],

 [[ 398, 901]],

 [[ 399, 901]],

 [[ 400, 901]],

 [[ 401, 901]],

 [[ 402, 901]],

 [[ 403, 901]],

 [[ 404, 901]],

 [[ 405, 901]],

 [[ 406, 901]],

 [[ 407, 901]],

 [[ 408, 901]],

 [[ 409, 900]],

 [[ 410, 899]],

 [[ 411, 899]],

 [[ 412, 899]],

 [[ 413, 899]],

 [[ 414, 899]],

 [[ 415, 898]],

 [[ 416, 897]],

 [[ 417, 897]],

 [[ 418, 897]],

 [[ 419, 896]],

 [[ 420, 895]],

 [[ 421, 895]],

 [[ 422, 895]],

 [[ 423, 894]],

 [[ 424, 893]],

 [[ 425, 893]],

 [[ 426, 893]],

 [[ 427, 892]],

 [[ 428, 891]],

 [[ 429, 891]],

 [[ 430, 891]],

 [[ 431, 890]],

 [[ 432, 889]],

 [[ 433, 888]],

 [[ 434, 887]],

 [[ 435, 886]],

 [[ 436, 885]],

 [[ 437, 884]],

 [[ 438, 883]],

 [[ 439, 882]],

 [[ 440, 881]],

 [[ 441, 880]],

 [[ 442, 879]],

 [[ 443, 878]],

 [[ 443, 877]],

 [[ 443, 876]],

 [[ 444, 875]],

 [[ 445, 874]],

 [[ 446, 873]],

 [[ 447, 872]],

 [[ 448, 871]],

 [[ 449, 870]],

 [[ 449, 869]],

 [[ 449, 868]],

 [[ 450, 867]],

 [[ 451, 866]],

 [[ 451, 865]],

 [[ 451, 864]],

 [[ 452, 863]],

 [[ 453, 862]],

 [[ 453, 861]],

 [[ 453, 860]],

 [[ 454, 859]],

 [[ 455, 858]],

 [[ 455, 857]],

 [[ 455, 856]],

 [[ 455, 855]],

 [[ 455, 854]],

 [[ 456, 853]],

 [[ 457, 852]],

 [[ 457, 851]],

 [[ 457, 850]],

 [[ 457, 849]],

 [[ 457, 848]],

 [[ 457, 847]],

 [[ 457, 846]],

 [[ 457, 845]],

 [[ 457, 844]],

 [[ 457, 843]],

 [[ 457, 842]],

 [[ 457, 841]],

 [[ 457, 840]],

 [[ 457, 839]],

 [[ 457, 838]],

 [[ 457, 837]],

 [[ 457, 836]],

 [[ 457, 835]],

 [[ 457, 834]],

 [[ 457, 833]],

 [[ 457, 832]],

 [[ 457, 831]],

 [[ 457, 830]],

 [[ 457, 829]],

 [[ 457, 828]],

 [[ 457, 827]],

 [[ 457, 826]],

 [[ 457, 825]],

 [[ 457, 824]],

 [[ 457, 823]],

 [[ 457, 822]],

 [[ 457, 821]],

 [[ 457, 820]],

 [[ 457, 819]],

 [[ 457, 818]],

 [[ 457, 817]],

 [[ 456, 816]],

 [[ 455, 815]],

 [[ 455, 814]],

 [[ 455, 813]],

 [[ 455, 812]],

 [[ 455, 811]],

 [[ 454, 810]],

 [[ 453, 809]],

 [[ 453, 808]],

 [[ 453, 807]],

 [[ 452, 806]],

 [[ 451, 805]],

 [[ 451, 804]],

 [[ 451, 803]],

 [[ 450, 802]],

 [[ 449, 801]],

 [[ 449, 800]],

 [[ 448, 800]],

 [[ 447, 799]],

 [[ 447, 798]],

 [[ 447, 797]],

 [[ 446, 796]],

 [[ 445, 795]],

 [[ 444, 794]],

 [[ 443, 793]],

 [[ 443, 792]],

 [[ 443, 791]],

 [[ 442, 790]],

 [[ 441, 789]],

 [[ 440, 788]],

 [[ 439, 787]],

 [[ 438, 786]],

 [[ 437, 785]],

 [[ 437, 784]],

 [[ 437, 783]],

 [[ 436, 782]],

 [[ 435, 781]],

 [[ 434, 780]],

 [[ 433, 779]],

 [[ 432, 778]],

 [[ 431, 777]],

 [[ 430, 776]],

 [[ 429, 775]],

 [[ 428, 774]],

 [[ 427, 773]],

 [[ 426, 772]],

 [[ 425, 772]],

 [[ 424, 772]],

 [[ 423, 771]],

 [[ 422, 770]],

 [[ 421, 770]],

 [[ 420, 770]],

 [[ 419, 769]],

 [[ 419, 768]],

 [[ 418, 768]],

 [[ 417, 767]],

 [[ 417, 766]],

 [[ 417, 765]],

 [[ 416, 764]],

 [[ 415, 763]],

 [[ 414, 762]],

 [[ 413, 761]],

 [[ 413, 760]],

 [[ 413, 759]],

 [[ 413, 758]],

 [[ 413, 757]],

 [[ 412, 756]],

 [[ 411, 755]],

 [[ 410, 754]],

 [[ 409, 753]],

 [[ 408, 752]],

 [[ 407, 752]],

 [[ 406, 752]],

 [[ 405, 751]],

 [[ 405, 750]],

 [[ 404, 750]],

 [[ 403, 749]],

 [[ 403, 748]],

 [[ 403, 747]],

 [[ 403, 746]],

 [[ 403, 745]],

 [[ 403, 744]],

 [[ 403, 743]],

 [[ 402, 742]],

 [[ 401, 741]],

 [[ 400, 740]],

 [[ 399, 739]],

 [[ 399, 738]],

 [[ 398, 738]],

 [[ 397, 737]],

 [[ 397, 736]],

 [[ 397, 735]],

 [[ 396, 734]],

 [[ 395, 733]],

 [[ 394, 732]],

 [[ 393, 731]],

 [[ 393, 730]],

 [[ 393, 729]],

 [[ 393, 728]],

 [[ 393, 727]],

 [[ 393, 726]],

 [[ 393, 725]],

 [[ 392, 724]],

 [[ 391, 723]],

 [[ 391, 722]],

 [[ 391, 721]],

 [[ 391, 720]],

 [[ 391, 719]],

 [[ 391, 718]],

 [[ 390, 718]],

 [[ 389, 717]],

 [[ 389, 716]],

 [[ 389, 715]],

 [[ 389, 714]],

 [[ 389, 713]],

 [[ 389, 712]],

 [[ 389, 711]],

 [[ 389, 710]],

 [[ 388, 710]],

 [[ 387, 709]],

 [[ 387, 708]],

 [[ 387, 707]],

 [[ 387, 706]],

 [[ 387, 705]],

 [[ 386, 704]],

 [[ 385, 703]],

 [[ 385, 702]],

 [[ 385, 701]],

 [[ 385, 700]],

 [[ 385, 699]],

 [[ 385, 698]],

 [[ 385, 697]],

 [[ 385, 696]],

 [[ 384, 696]],

 [[ 383, 695]],

 [[ 383, 694]],

 [[ 383, 693]],

 [[ 382, 692]],

 [[ 381, 692]],

 [[ 380, 692]],

 [[ 379, 692]],

 [[ 378, 692]],

 [[ 377, 691]],

 [[ 377, 690]],

 [[ 376, 690]],

 [[ 375, 690]],

 [[ 374, 689]],

 [[ 373, 688]],

 [[ 374, 687]],

 [[ 375, 686]],

 [[ 375, 685]],

 [[ 375, 684]],

 [[ 376, 683]],

 [[ 377, 682]],

 [[ 378, 681]],

 [[ 379, 680]],

 [[ 380, 679]],

 [[ 381, 678]],

 [[ 381, 677]],

 [[ 381, 676]],

 [[ 381, 675]],

 [[ 381, 674]],

 [[ 381, 673]],

 [[ 381, 672]],

 [[ 381, 671]],

 [[ 381, 670]],

 [[ 381, 669]],

 [[ 381, 668]],

 [[ 381, 667]],

 [[ 381, 666]],

 [[ 382, 665]],

 [[ 383, 664]],

 [[ 383, 663]],

 [[ 383, 662]],

 [[ 383, 661]],

 [[ 383, 660]],

 [[ 383, 659]],

 [[ 383, 658]],

 [[ 383, 657]],

 [[ 383, 656]],

 [[ 383, 655]],

 [[ 383, 654]],

 [[ 383, 653]],

 [[ 383, 652]],

 [[ 384, 651]],

 [[ 385, 651]],

 [[ 385, 650]],

 [[ 386, 649]],

 [[ 387, 648]],

 [[ 387, 647]],

 [[ 387, 646]],

 [[ 387, 645]],

 [[ 387, 644]],

 [[ 387, 643]],

 [[ 387, 642]],

 [[ 387, 641]],

 [[ 387, 640]],

 [[ 387, 639]],

 [[ 387, 638]],

 [[ 387, 637]],

 [[ 387, 636]],

 [[ 388, 635]],

 [[ 389, 635]],

 [[ 389, 634]],

 [[ 389, 633]],

 [[ 389, 632]],

 [[ 390, 631]],

 [[ 391, 630]],

 [[ 391, 629]],

 [[ 391, 628]],

 [[ 392, 627]],

 [[ 393, 626]],

 [[ 393, 625]],

 [[ 393, 624]],

 [[ 393, 623]],

 [[ 393, 622]],

 [[ 393, 621]],

 [[ 393, 620]],

 [[ 394, 619]],

 [[ 395, 618]],

 [[ 395, 617]],

 [[ 395, 616]],

 [[ 396, 615]],

 [[ 397, 615]],

 [[ 397, 614]],

 [[ 398, 613]],

 [[ 399, 612]],

 [[ 400, 611]],

 [[ 401, 610]],

 [[ 401, 609]],

 [[ 401, 608]],

 [[ 402, 607]],

 [[ 403, 606]],

 [[ 404, 605]],

 [[ 405, 604]],

 [[ 406, 603]],

 [[ 407, 603]],

 [[ 407, 602]],

 [[ 407, 601]],

 [[ 407, 600]],

 [[ 408, 599]],

 [[ 409, 598]],

 [[ 410, 597]],

 [[ 411, 596]],

 [[ 412, 595]],

 [[ 413, 594]],

 [[ 414, 593]],

 [[ 415, 592]],

 [[ 415, 591]],

 [[ 415, 590]],

 [[ 416, 589]],

 [[ 417, 588]],

 [[ 418, 587]],

 [[ 419, 586]],

 [[ 420, 585]],

 [[ 421, 584]],

 [[ 422, 583]],

 [[ 423, 582]],

 [[ 424, 581]],

 [[ 425, 581]],

 [[ 426, 581]],

 [[ 427, 580]],

 [[ 427, 579]],

 [[ 427, 578]],

 [[ 428, 577]],

 [[ 429, 576]],

 [[ 430, 575]],

 [[ 431, 574]],

 [[ 432, 573]],

 [[ 433, 573]],

 [[ 433, 572]],

 [[ 434, 571]],

 [[ 435, 571]],

 [[ 436, 571]],

 [[ 437, 570]],

 [[ 438, 569]],

 [[ 439, 569]],

 [[ 440, 569]],

 [[ 441, 568]],

 [[ 442, 567]],

 [[ 443, 566]],

 [[ 444, 565]],

 [[ 445, 564]],

 [[ 446, 563]],

 [[ 447, 563]],

 [[ 448, 563]],

 [[ 449, 563]],

 [[ 450, 563]],

 [[ 451, 563]],

 [[ 452, 563]],

 [[ 453, 563]],

 [[ 454, 563]],

 [[ 455, 563]],

 [[ 456, 563]],

 [[ 457, 562]],

 [[ 458, 561]],

 [[ 459, 561]],

 [[ 460, 561]],

 [[ 461, 560]],

 [[ 462, 559]],

 [[ 463, 559]],

 [[ 464, 559]],

 [[ 465, 559]],

 [[ 466, 559]],

 [[ 467, 558]],

 [[ 468, 557]],

 [[ 469, 556]],

 [[ 470, 555]],

 [[ 471, 555]],

 [[ 472, 555]],

 [[ 473, 555]],

 [[ 474, 555]],

 [[ 475, 554]],

 [[ 476, 553]],

 [[ 477, 552]],

 [[ 478, 551]],

 [[ 479, 551]],

 [[ 480, 551]],

 [[ 481, 551]],

 [[ 482, 551]],

 [[ 483, 550]],

 [[ 484, 549]],

 [[ 485, 549]],

 [[ 486, 549]],

 [[ 487, 549]],

 [[ 488, 549]],

 [[ 489, 548]],

 [[ 490, 547]],

 [[ 491, 546]],

 [[ 492, 545]],

 [[ 493, 545]],

 [[ 494, 545]],

 [[ 495, 545]],

 [[ 496, 545]],

 [[ 497, 545]],

 [[ 498, 545]],

 [[ 499, 545]],

 [[ 499, 544]],

 [[ 500, 543]],

 [[ 501, 543]],

 [[ 502, 543]],

 [[ 503, 543]],

 [[ 504, 543]],

 [[ 505, 543]],

 [[ 506, 543]],

 [[ 507, 543]],

 [[ 508, 543]],

 [[ 509, 543]],

 [[ 510, 543]],

 [[ 511, 543]],

 [[ 511, 542]],

 [[ 512, 541]],

 [[ 513, 541]],

 [[ 514, 541]],

 [[ 515, 541]],

 [[ 516, 541]],

 [[ 517, 541]],

 [[ 518, 541]],

 [[ 519, 541]],

 [[ 520, 541]],

 [[ 521, 541]],

 [[ 522, 541]],

 [[ 523, 541]],

 [[ 524, 541]],

 [[ 525, 540]],

 [[ 526, 539]],

 [[ 527, 539]],

 [[ 528, 539]],

 [[ 529, 539]],

 [[ 530, 539]],

 [[ 531, 539]],

 [[ 532, 539]],

 [[ 533, 539]],

 [[ 534, 539]],

 [[ 535, 539]],

 [[ 536, 539]],

 [[ 537, 539]],

 [[ 538, 539]],

 [[ 539, 539]],

 [[ 540, 539]],

 [[ 541, 539]],

 [[ 542, 539]],

 [[ 543, 539]],

 [[ 544, 539]],

 [[ 545, 539]],

 [[ 546, 539]],

 [[ 547, 539]],

 [[ 548, 539]],

 [[ 549, 539]],

 [[ 550, 539]],

 [[ 551, 539]],

 [[ 552, 539]],

 [[ 553, 539]],

 [[ 554, 539]],

 [[ 555, 539]],

 [[ 556, 539]],

 [[ 557, 539]],

 [[ 558, 539]],

 [[ 559, 539]],

 [[ 560, 539]],

 [[ 561, 539]],

 [[ 562, 539]],

 [[ 563, 539]],

 [[ 564, 540]],

 [[ 565, 541]],

 [[ 566, 542]],

 [[ 567, 543]],

 [[ 568, 543]],

 [[ 569, 543]],

 [[ 570, 543]],

 [[ 571, 543]],

 [[ 572, 543]],

 [[ 573, 543]],

 [[ 574, 543]],

 [[ 575, 543]],

 [[ 576, 543]],

 [[ 577, 543]],

 [[ 578, 543]],

 [[ 579, 543]],

 [[ 580, 544]],

 [[ 580, 545]],

 [[ 581, 545]],

 [[ 582, 545]],

 [[ 583, 545]],

 [[ 584, 545]],

 [[ 585, 545]],

 [[ 586, 545]],

 [[ 587, 545]],

 [[ 588, 546]],

 [[ 589, 547]],

 [[ 590, 547]],

 [[ 591, 547]],

 [[ 592, 547]],

 [[ 593, 547]],

 [[ 594, 548]],

 [[ 594, 549]],

 [[ 595, 549]],

 [[ 596, 549]],

 [[ 597, 549]],

 [[ 598, 549]],

 [[ 599, 549]],

 [[ 600, 550]],

 [[ 600, 551]],

 [[ 601, 551]],

 [[ 602, 551]],

 [[ 603, 551]],

 [[ 604, 551]],

 [[ 605, 551]],

 [[ 606, 552]],

 [[ 607, 553]],

 [[ 608, 553]],

 [[ 609, 553]],

 [[ 610, 553]],

 [[ 611, 553]],

 [[ 612, 553]],

 [[ 613, 553]],

 [[ 614, 553]],

 [[ 615, 552]],

 [[ 616, 551]],

 [[ 617, 550]],

 [[ 618, 549]],

 [[ 619, 549]],

 [[ 620, 549]],

 [[ 621, 549]],

 [[ 622, 549]],

 [[ 623, 549]],

 [[ 624, 550]],

 [[ 625, 551]],

 [[ 626, 552]],

 [[ 627, 553]],

 [[ 628, 553]],

 [[ 629, 553]],

 [[ 630, 553]],

 [[ 631, 553]],

 [[ 632, 554]],

 [[ 633, 555]],

 [[ 634, 555]],

 [[ 635, 555]],

 [[ 636, 555]],

 [[ 637, 555]],

 [[ 638, 556]],

 [[ 639, 557]],

 [[ 640, 557]],

 [[ 641, 557]],

 [[ 642, 557]],

 [[ 643, 557]],

 [[ 644, 558]],

 [[ 645, 559]],

 [[ 646, 559]],

 [[ 647, 559]],

 [[ 648, 560]],

 [[ 649, 561]],

 [[ 650, 561]],

 [[ 651, 561]],

 [[ 652, 561]],

 [[ 653, 561]],

 [[ 654, 562]],

 [[ 654, 563]],

 [[ 655, 563]],

 [[ 656, 564]],

 [[ 656, 565]],

 [[ 656, 566]],

 [[ 657, 567]],

 [[ 658, 567]],

 [[ 659, 567]],

 [[ 660, 568]],

 [[ 661, 569]],

 [[ 662, 570]],

 [[ 663, 571]],

 [[ 664, 571]],

 [[ 665, 571]],

 [[ 666, 572]],

 [[ 667, 573]],

 [[ 668, 573]],

 [[ 669, 573]],

 [[ 670, 574]],

 [[ 671, 575]],

 [[ 672, 576]],

 [[ 673, 577]],

 [[ 674, 578]],

 [[ 675, 579]],

 [[ 676, 579]],

 [[ 677, 579]],

 [[ 678, 580]],

 [[ 679, 581]],

 [[ 680, 582]],

 [[ 681, 583]],

 [[ 682, 584]],

 [[ 683, 585]],

 [[ 684, 586]],

 [[ 685, 587]],

 [[ 686, 588]],

 [[ 687, 589]],

 [[ 688, 590]],

 [[ 689, 591]],

 [[ 690, 592]],

 [[ 691, 593]],

 [[ 692, 594]],

 [[ 693, 595]],

 [[ 694, 596]],

 [[ 695, 597]],

 [[ 696, 598]],

 [[ 697, 599]],

 [[ 698, 600]],

 [[ 699, 601]],

 [[ 700, 602]],

 [[ 700, 603]],

 [[ 701, 603]],

 [[ 702, 604]],

 [[ 702, 605]],

 [[ 702, 606]],

 [[ 703, 607]],

 [[ 704, 608]],

 [[ 705, 609]],

 [[ 706, 610]],

 [[ 707, 611]],

 [[ 708, 612]],

 [[ 708, 613]],

 [[ 708, 614]],

 [[ 709, 615]],

 [[ 710, 616]],

 [[ 710, 617]],

 [[ 711, 617]],

 [[ 712, 618]],

 [[ 712, 619]],

 [[ 712, 620]],

 [[ 712, 621]],

 [[ 713, 621]],

 [[ 714, 622]],

 [[ 714, 623]],

 [[ 714, 624]],

 [[ 714, 625]],

 [[ 715, 625]],

 [[ 716, 626]],

 [[ 716, 627]],

 [[ 716, 628]],

 [[ 716, 629]],

 [[ 716, 630]],

 [[ 717, 631]],

 [[ 718, 632]],

 [[ 719, 633]],

 [[ 720, 634]],

 [[ 720, 635]],

 [[ 720, 636]],

 [[ 721, 637]],

 [[ 722, 638]],

 [[ 723, 639]],

 [[ 724, 640]],

 [[ 724, 641]],

 [[ 724, 642]],

 [[ 724, 643]],

 [[ 724, 644]],

 [[ 724, 645]],

 [[ 725, 645]],

 [[ 726, 646]],

 [[ 726, 647]],

 [[ 726, 648]],

 [[ 726, 649]],

 [[ 726, 650]],

 [[ 726, 651]],

 [[ 726, 652]],

 [[ 727, 653]],

 [[ 728, 654]],

 [[ 728, 655]],

 [[ 728, 656]],

 [[ 728, 657]],

 [[ 728, 658]],

 [[ 728, 659]],

 [[ 728, 660]],

 [[ 729, 661]],

 [[ 730, 662]],

 [[ 730, 663]],

 [[ 730, 664]],

 [[ 730, 665]],

 [[ 730, 666]],

 [[ 730, 667]],

 [[ 730, 668]],

 [[ 730, 669]],

 [[ 730, 670]],

 [[ 730, 671]],

 [[ 730, 672]],

 [[ 730, 673]],

 [[ 730, 674]],

 [[ 730, 675]],

 [[ 730, 676]],

 [[ 730, 677]],

 [[ 730, 678]],

 [[ 730, 679]],

 [[ 730, 680]],

 [[ 730, 681]],

 [[ 730, 682]],

 [[ 730, 683]],

 [[ 730, 684]],

 [[ 730, 685]],

 [[ 730, 686]],

 [[ 730, 687]],

 [[ 730, 688]],

 [[ 730, 689]],

 [[ 730, 690]],

 [[ 730, 691]],

 [[ 730, 692]],

 [[ 730, 693]],

 [[ 730, 694]],

 [[ 730, 695]],

 [[ 729, 696]],

 [[ 728, 697]],

 [[ 728, 698]],

 [[ 728, 699]],

 [[ 728, 700]],

 [[ 728, 701]],

 [[ 728, 702]],

 [[ 728, 703]],

 [[ 728, 704]],

 [[ 728, 705]],

 [[ 728, 706]],

 [[ 728, 707]],

 [[ 727, 708]],

 [[ 726, 709]],

 [[ 726, 710]],

 [[ 726, 711]],

 [[ 726, 712]],

 [[ 726, 713]],

 [[ 725, 714]],

 [[ 724, 715]],

 [[ 724, 716]],

 [[ 724, 717]],

 [[ 723, 718]],

 [[ 722, 719]],

 [[ 722, 720]],

 [[ 722, 721]],

 [[ 722, 722]],

 [[ 722, 723]],

 [[ 721, 724]],

 [[ 720, 724]],

 [[ 720, 725]],

 [[ 720, 726]],

 [[ 720, 727]],

 [[ 720, 728]],

 [[ 720, 729]],

 [[ 719, 730]],

 [[ 718, 731]],

 [[ 718, 732]],

 [[ 718, 733]],

 [[ 718, 734]],

 [[ 718, 735]],

 [[ 717, 736]],

 [[ 716, 737]],

 [[ 715, 738]],

 [[ 714, 739]],

 [[ 713, 740]],

 [[ 712, 741]],

 [[ 712, 742]],

 [[ 712, 743]],

 [[ 711, 744]],

 [[ 710, 745]],

 [[ 710, 746]],

 [[ 710, 747]],

 [[ 709, 748]],

 [[ 708, 748]],

 [[ 708, 749]],

 [[ 707, 750]],

 [[ 706, 751]],

 [[ 705, 752]],

 [[ 704, 753]],

 [[ 704, 754]],

 [[ 704, 755]],

 [[ 703, 756]],

 [[ 702, 757]],

 [[ 701, 758]],

 [[ 700, 759]],

 [[ 699, 760]],

 [[ 698, 761]],

 [[ 697, 762]],

 [[ 696, 763]],

 [[ 695, 764]],

 [[ 694, 765]],

 [[ 693, 766]],

 [[ 692, 767]],

 [[ 691, 768]],

 [[ 690, 769]],

 [[ 689, 770]],

 [[ 688, 771]],

 [[ 687, 772]],

 [[ 686, 773]],

 [[ 685, 774]],

 [[ 684, 775]],

 [[ 683, 776]],

 [[ 682, 777]],

 [[ 681, 778]],

 [[ 680, 778]],

 [[ 680, 779]],

 [[ 679, 780]],

 [[ 678, 781]],

 [[ 677, 782]],

 [[ 676, 783]],

 [[ 675, 784]],

 [[ 674, 785]],

 [[ 673, 786]],

 [[ 672, 786]],

 [[ 672, 787]],

 [[ 671, 788]],

 [[ 670, 789]],

 [[ 669, 790]],

 [[ 668, 791]],

 [[ 667, 792]],

 [[ 666, 793]],

 [[ 665, 794]],

 [[ 664, 795]],

 [[ 663, 796]],

 [[ 662, 797]],

 [[ 661, 798]],

 [[ 660, 799]],

 [[ 660, 800]],

 [[ 660, 801]],

 [[ 659, 802]],

 [[ 658, 803]],

 [[ 657, 804]],

 [[ 656, 805]],

 [[ 655, 806]],

 [[ 654, 807]],

 [[ 654, 808]],

 [[ 654, 809]],

 [[ 654, 810]],

 [[ 654, 811]],

 [[ 654, 812]],

 [[ 654, 813]],

 [[ 654, 814]],

 [[ 654, 815]],

 [[ 653, 816]],

 [[ 652, 817]],

 [[ 652, 818]],

 [[ 652, 819]],

 [[ 651, 820]],

 [[ 650, 820]],

 [[ 650, 821]],

 [[ 650, 822]],

 [[ 650, 823]],

 [[ 650, 824]],

 [[ 650, 825]],

 [[ 650, 826]],

 [[ 650, 827]],

 [[ 650, 828]],

 [[ 650, 829]],

 [[ 650, 830]],

 [[ 650, 831]],

 [[ 649, 832]],

 [[ 648, 832]],

 [[ 648, 833]],

 [[ 648, 834]],

 [[ 648, 835]],

 [[ 648, 836]],

 [[ 648, 837]],

 [[ 648, 838]],

 [[ 648, 839]],

 [[ 648, 840]],

 [[ 648, 841]],

 [[ 648, 842]],

 [[ 648, 843]],

 [[ 648, 844]],

 [[ 648, 845]],

 [[ 648, 846]],

 [[ 648, 847]],

 [[ 648, 848]],

 [[ 648, 849]],

 [[ 648, 850]],

 [[ 648, 851]],

 [[ 648, 852]],

 [[ 648, 853]],

 [[ 648, 854]],

 [[ 648, 855]],

 [[ 648, 856]],

 [[ 648, 857]],

 [[ 648, 858]],

 [[ 648, 859]],

 [[ 648, 860]],

 [[ 649, 861]],

 [[ 650, 862]],

 [[ 650, 863]],

 [[ 650, 864]],

 [[ 650, 865]],

 [[ 650, 866]],

 [[ 650, 867]],

 [[ 651, 867]],

 [[ 652, 868]],

 [[ 652, 869]],

 [[ 652, 870]],

 [[ 653, 871]],

 [[ 654, 872]],

 [[ 654, 873]],

 [[ 654, 874]],

 [[ 654, 875]],

 [[ 654, 876]],

 [[ 655, 877]],

 [[ 656, 878]],

 [[ 657, 879]],

 [[ 658, 880]],

 [[ 658, 881]],

 [[ 658, 882]],

 [[ 659, 883]],

 [[ 660, 884]],

 [[ 660, 885]],

 [[ 660, 886]],

 [[ 661, 887]],

 [[ 662, 888]],

 [[ 663, 889]],

 [[ 664, 890]],

 [[ 665, 891]],

 [[ 666, 892]],

 [[ 667, 893]],

 [[ 668, 894]],

 [[ 669, 895]],

 [[ 670, 896]],

 [[ 671, 897]],

 [[ 672, 897]],

 [[ 673, 897]],

 [[ 674, 898]],

 [[ 675, 899]],

 [[ 676, 900]],

 [[ 677, 901]],

 [[ 678, 901]],

 [[ 679, 901]],

 [[ 680, 902]],

 [[ 680, 903]],

 [[ 681, 903]],

 [[ 682, 903]],

 [[ 683, 903]],

 [[ 684, 903]],

 [[ 685, 903]],

 [[ 686, 904]],

 [[ 687, 905]],

 [[ 688, 905]],

 [[ 689, 905]],

 [[ 690, 905]],

 [[ 691, 905]],

 [[ 692, 905]],

 [[ 693, 905]],

 [[ 694, 905]],

 [[ 695, 905]],

 [[ 696, 906]],

 [[ 696, 907]],

 [[ 697, 907]],

 [[ 698, 907]],

 [[ 699, 907]],

 [[ 700, 907]],

 [[ 701, 907]],

 [[ 702, 907]],

 [[ 703, 907]],

 [[ 704, 907]],

 [[ 705, 907]],

 [[ 706, 907]],

 [[ 707, 907]],

 [[ 708, 907]],

 [[ 709, 907]],

 [[ 710, 907]],

 [[ 711, 907]],

 [[ 712, 907]],

 [[ 713, 907]],

 [[ 714, 907]],

 [[ 715, 907]],

 [[ 716, 907]],

 [[ 717, 907]],

 [[ 718, 907]],

 [[ 719, 907]],

 [[ 720, 907]],

 [[ 721, 907]],

 [[ 722, 907]],

 [[ 723, 907]],

 [[ 724, 907]],

 [[ 725, 907]],

 [[ 726, 907]],

 [[ 727, 907]],

 [[ 728, 907]],

 [[ 729, 907]],

 [[ 730, 907]],

 [[ 731, 907]],

 [[ 732, 907]],

 [[ 733, 907]],

 [[ 734, 907]],

 [[ 735, 907]],

 [[ 736, 907]],

 [[ 737, 907]],

 [[ 738, 907]],

 [[ 739, 907]],

 [[ 740, 908]],

 [[ 741, 909]],

 [[ 742, 909]],

 [[ 743, 909]],

 [[ 744, 909]],

 [[ 745, 909]],

 [[ 746, 909]],

 [[ 747, 909]],

 [[ 748, 909]],

 [[ 749, 909]],

 [[ 750, 909]],

 [[ 751, 909]],

 [[ 752, 909]],

 [[ 753, 909]],

 [[ 754, 909]],

 [[ 755, 909]],

 [[ 756, 909]],

 [[ 757, 909]],

 [[ 758, 909]],

 [[ 759, 909]],

 [[ 760, 909]],

 [[ 761, 909]],

 [[ 762, 909]],

 [[ 763, 909]],

 [[ 764, 909]],

 [[ 765, 909]],

 [[ 766, 909]],

 [[ 767, 909]],

 [[ 768, 909]],

 [[ 769, 909]],

 [[ 770, 909]],

 [[ 771, 909]],

 [[ 772, 909]],

 [[ 773, 909]],

 [[ 774, 909]],

 [[ 775, 909]],

 [[ 776, 909]],

 [[ 777, 909]],

 [[ 778, 909]],

 [[ 779, 909]],

 [[ 780, 909]],

 [[ 781, 909]],

 [[ 782, 909]],

 [[ 783, 909]],

 [[ 784, 909]],

 [[ 785, 909]],

 [[ 786, 909]],

 [[ 787, 909]],

 [[ 788, 909]],

 [[ 789, 909]],

 [[ 790, 909]],

 [[ 791, 909]],

 [[ 792, 909]],

 [[ 793, 909]],

 [[ 794, 909]],

 [[ 795, 909]],

 [[ 796, 909]],

 [[ 797, 909]],

 [[ 798, 909]],

 [[ 799, 909]],

 [[ 800, 909]],

 [[ 801, 909]],

 [[ 802, 909]],

 [[ 803, 909]],

 [[ 804, 909]],

 [[ 805, 909]],

 [[ 806, 909]],

 [[ 807, 909]],

 [[ 808, 909]],

 [[ 809, 909]],

 [[ 810, 909]],

 [[ 811, 909]],

 [[ 812, 910]],

 [[ 812, 911]],

 [[ 813, 911]],

 [[ 814, 911]],

 [[ 815, 911]],

 [[ 816, 911]],

 [[ 817, 911]],

 [[ 818, 911]],

 [[ 819, 911]],

 [[ 820, 911]],

 [[ 821, 911]],

 [[ 822, 911]],

 [[ 823, 911]],

 [[ 824, 911]],

 [[ 825, 911]],

 [[ 826, 911]],

 [[ 827, 911]],

 [[ 828, 911]],

 [[ 829, 911]],

 [[ 830, 911]],

 [[ 831, 911]],

 [[ 832, 911]],

 [[ 833, 911]],

 [[ 834, 911]],

 [[ 835, 911]],

 [[ 836, 911]],

 [[ 837, 911]],

 [[ 838, 911]],

 [[ 839, 911]],

 [[ 840, 911]],

 [[ 841, 911]],

 [[ 842, 911]],

 [[ 843, 911]],

 [[ 844, 911]],

 [[ 845, 911]],

 [[ 846, 911]],

 [[ 847, 911]],

 [[ 848, 911]],

 [[ 849, 911]],

 [[ 850, 911]],

 [[ 851, 911]],

 [[ 852, 911]],

 [[ 853, 911]],

 [[ 854, 911]],

 [[ 855, 911]],

 [[ 856, 911]],

 [[ 857, 911]],

 [[ 858, 911]],

 [[ 859, 911]],

 [[ 860, 911]],

 [[ 861, 911]],

 [[ 862, 911]],

 [[ 863, 911]],

 [[ 864, 911]],

 [[ 865, 911]],

 [[ 866, 911]],

 [[ 867, 911]],

 [[ 868, 911]],

 [[ 869, 911]],

 [[ 870, 911]],

 [[ 871, 911]],

 [[ 872, 911]],

 [[ 873, 911]],

 [[ 874, 911]],

 [[ 875, 911]],

 [[ 876, 911]],

 [[ 877, 911]],

 [[ 878, 911]],

 [[ 879, 911]],

 [[ 880, 911]],

 [[ 881, 911]],

 [[ 882, 911]],

 [[ 883, 911]],

 [[ 884, 912]],

 [[ 885, 913]],

 [[ 886, 913]],

 [[ 887, 913]],

 [[ 888, 913]],

 [[ 889, 913]],

 [[ 890, 913]],

 [[ 891, 913]],

 [[ 892, 913]],

 [[ 893, 913]],

 [[ 894, 913]],

 [[ 895, 913]],

 [[ 896, 913]],

 [[ 897, 913]],

 [[ 898, 913]],

 [[ 899, 913]],

 [[ 900, 913]],

 [[ 901, 913]],

 [[ 902, 913]],

 [[ 903, 913]],

 [[ 904, 913]],

 [[ 905, 913]],

 [[ 906, 913]],

 [[ 907, 913]],

 [[ 908, 913]],

 [[ 909, 913]],

 [[ 910, 913]],

 [[ 911, 913]],

 [[ 912, 913]],

 [[ 913, 913]],

 [[ 914, 913]],

 [[ 915, 913]],

 [[ 916, 913]],

 [[ 917, 913]],

 [[ 918, 913]],

 [[ 919, 913]],

 [[ 920, 913]],

 [[ 921, 913]],

 [[ 922, 913]],

 [[ 923, 913]],

 [[ 924, 913]],

 [[ 925, 913]],

 [[ 926, 913]],

 [[ 927, 913]],

 [[ 928, 913]],

 [[ 929, 913]],

 [[ 930, 913]],

 [[ 931, 913]],

 [[ 932, 913]],

 [[ 933, 913]],

 [[ 934, 913]],

 [[ 935, 913]],

 [[ 936, 913]],

 [[ 937, 913]],

 [[ 938, 913]],

 [[ 939, 913]],

 [[ 940, 913]],

 [[ 941, 913]],

 [[ 942, 913]],

 [[ 943, 913]],

 [[ 944, 914]],

 [[ 945, 915]],

 [[ 946, 915]],

 [[ 947, 915]],

 [[ 948, 915]],

 [[ 949, 915]],

 [[ 950, 915]],

 [[ 951, 915]],

 [[ 952, 915]],

 [[ 953, 915]],

 [[ 954, 915]],

 [[ 955, 915]],

 [[ 956, 915]],

 [[ 957, 915]],

 [[ 958, 915]],

 [[ 959, 915]],

 [[ 960, 915]],

 [[ 961, 915]],

 [[ 962, 915]],

 [[ 963, 915]],

 [[ 964, 915]],

 [[ 965, 915]],

 [[ 966, 915]],

 [[ 967, 915]],

 [[ 968, 915]],

 [[ 969, 915]],

 [[ 970, 915]],

 [[ 971, 915]],

 [[ 972, 915]],

 [[ 973, 915]],

 [[ 974, 915]],

 [[ 975, 915]],

 [[ 976, 915]],

 [[ 977, 915]],

 [[ 978, 915]],

 [[ 979, 915]],

 [[ 980, 915]],

 [[ 981, 915]],

 [[ 982, 915]],

 [[ 983, 915]],

 [[ 984, 915]],

 [[ 985, 915]],

 [[ 986, 915]],

 [[ 987, 915]],

 [[ 988, 915]],

 [[ 989, 915]],

 [[ 990, 915]],

 [[ 991, 915]],

 [[ 992, 916]],

 [[ 993, 917]],

 [[ 994, 917]],

 [[ 995, 917]],

 [[ 996, 918]],

 [[ 997, 919]],

 [[ 998, 919]],

 [[ 999, 918]],

 [[1000, 918]],

 [[1001, 917]],

 [[1002, 917]],

 [[1003, 917]],

 [[1004, 916]],

 [[1005, 916]],

 [[1006, 916]],

 [[1007, 915]],

 [[1008, 915]],

 [[1009, 915]],

 [[1010, 914]],

 [[1011, 914]],

 [[1012, 914]],

 [[1013, 914]],

 [[1014, 913]],

 [[1015, 913]],

 [[1016, 913]],

 [[1017, 913]],

 [[1018, 913]],

 [[1019, 913]],

 [[1020, 912]],

 [[1021, 912]],

 [[1022, 912]],

 [[1023, 912]],

 [[1024, 912]],

 [[1025, 912]],

 [[1026, 912]],

 [[1027, 912]],

 [[1028, 912]],

 [[1029, 912]],

 [[1030, 912]],

 [[1031, 912]],

 [[1032, 912]],

 [[1033, 912]],

 [[1034, 912]],

 [[1035, 912]],

 [[1036, 912]],

 [[1037, 913]],

 [[1038, 913]],

 [[1039, 913]],

 [[1040, 913]],

 [[1041, 913]],

 [[1042, 913]],

 [[1043, 914]],

 [[1044, 914]],

 [[1045, 914]],

 [[1046, 914]],

 [[1047, 915]],

 [[1048, 915]],

 [[1049, 915]],

 [[1050, 915]],

 [[1051, 916]],

 [[1052, 916]],

 [[1053, 917]],

 [[1054, 917]],

 [[1055, 917]],

 [[1056, 918]],

 [[1057, 917]],

 [[1058, 918]],

 [[1058, 919]],

 [[1059, 919]],

 [[1060, 920]],

 [[1061, 920]],

 [[1062, 921]],

 [[1063, 921]],

 [[1064, 922]],

 [[1065, 923]],

 [[1066, 923]],

 [[1067, 923]],

 [[1068, 923]],

 [[1069, 923]],

 [[1070, 923]],

 [[1071, 923]],

 [[1072, 923]],

 [[1073, 922]],

 [[1074, 921]],

 [[1075, 921]],

 [[1075, 920]],

 [[1076, 919]],

 [[1077, 919]],

 [[1078, 919]],

 [[1079, 919]],

 [[1080, 919]],

 [[1081, 919]],

 [[1082, 919]],

 [[1083, 919]],

 [[1084, 919]],

 [[1085, 919]],

 [[1086, 919]],

 [[1087, 919]],

 [[1088, 919]],

 [[1089, 919]],

 [[1090, 919]],

 [[1091, 919]],

 [[1092, 919]],

 [[1093, 919]],

 [[1094, 919]],

 [[1095, 919]],

 [[1096, 919]],

 [[1097, 919]],

 [[1098, 919]],

 [[1099, 919]],

 [[1100, 919]],

 [[1101, 919]],

 [[1102, 919]],

 [[1103, 918]],

 [[1104, 917]],

 [[1105, 916]],

 [[1106, 915]],

 [[1107, 914]],

 [[1107, 913]],

 [[1107, 912]],

 [[1107, 911]],

 [[1107, 910]],

 [[1107, 909]],

 [[1107, 908]],

 [[1107, 907]],

 [[1107, 906]],

 [[1108, 905]],

 [[1109, 905]],

 [[1109, 904]],

 [[1109, 903]],

 [[1109, 902]],

 [[1109, 901]],

 [[1109, 900]],

 [[1109, 899]],

 [[1108, 898]],

 [[1107, 897]],

 [[1107, 896]],

 [[1107, 895]],

 [[1107, 894]],

 [[1107, 893]],

 [[1107, 892]],

 [[1108, 891]],

 [[1109, 890]],

 [[1109, 889]],

 [[1108, 888]],

 [[1108, 887]],

 [[1109, 886]],

 [[1109, 885]],

 [[1108, 884]],

 [[1107, 883]],

 [[1107, 882]],

 [[1108, 881]],

 [[1109, 880]],

 [[1109, 879]],

 [[1109, 878]],

 [[1109, 877]],

 [[1109, 876]],

 [[1109, 875]],

 [[1109, 874]],

 [[1109, 873]],

 [[1109, 872]],

 [[1109, 871]],

 [[1109, 870]],

 [[1109, 869]],

 [[1109, 868]],

 [[1109, 867]],

 [[1109, 866]],

 [[1109, 865]],

 [[1109, 864]],

 [[1109, 863]],

 [[1109, 862]],

 [[1109, 861]],

 [[1109, 860]],

 [[1109, 859]],

 [[1109, 858]],

 [[1109, 857]],

 [[1109, 856]],

 [[1109, 855]],

 [[1109, 854]],

 [[1109, 853]],

 [[1109, 852]],

 [[1109, 851]],

 [[1109, 850]],

 [[1109, 849]],

 [[1109, 848]],

 [[1109, 847]],

 [[1109, 846]],

 [[1109, 845]],

 [[1109, 844]],

 [[1109, 843]],

 [[1109, 842]],

 [[1109, 841]],

 [[1109, 840]],

 [[1109, 839]],

 [[1108, 838]],

 [[1108, 837]],

 [[1109, 836]],

 [[1109, 835]],

 [[1109, 834]],

 [[1108, 834]],

 [[1107, 833]],

 [[1107, 832]],

 [[1107, 831]],

 [[1107, 830]],

 [[1107, 829]],

 [[1107, 828]],

 [[1107, 827]],

 [[1107, 826]],

 [[1107, 825]],

 [[1107, 824]],

 [[1107, 823]],

 [[1107, 822]],

 [[1107, 821]],

 [[1107, 820]],

 [[1107, 819]],

 [[1107, 818]],

 [[1107, 817]],

 [[1107, 816]],

 [[1107, 815]],

 [[1107, 814]],

 [[1107, 813]],

 [[1107, 812]],

 [[1107, 811]],

 [[1107, 810]],

 [[1107, 809]],

 [[1107, 808]],

 [[1107, 807]],

 [[1107, 806]],

 [[1107, 805]],

 [[1107, 804]],

 [[1107, 803]],

 [[1107, 802]],

 [[1107, 801]],

 [[1107, 800]],

 [[1107, 799]],

 [[1107, 798]],

 [[1107, 797]],

 [[1107, 796]],

 [[1107, 795]],

 [[1107, 794]],

 [[1107, 793]],

 [[1107, 792]],

 [[1106, 792]],

 [[1105, 791]],

 [[1105, 790]],

 [[1105, 789]],

 [[1105, 788]],

 [[1105, 787]],

 [[1105, 786]],

 [[1105, 785]],

 [[1105, 784]],

 [[1105, 783]],

 [[1105, 782]],

 [[1105, 781]],

 [[1105, 780]],

 [[1105, 779]],

 [[1105, 778]],

 [[1105, 777]],

 [[1105, 776]],

 [[1105, 775]],

 [[1105, 774]],

 [[1105, 773]],

 [[1105, 772]],

 [[1105, 771]],

 [[1105, 770]],

 [[1106, 769]],

 [[1107, 769]],

 [[1107, 768]],

 [[1107, 767]],

 [[1107, 766]],

 [[1107, 765]],

 [[1107, 764]],

 [[1107, 763]],

 [[1107, 762]],

 [[1107, 761]],

 [[1107, 760]],

 [[1107, 759]],

 [[1107, 758]],

 [[1107, 757]],

 [[1107, 756]],

 [[1107, 755]],

 [[1107, 754]],

 [[1107, 753]],

 [[1107, 752]],

 [[1107, 751]],

 [[1107, 750]],

 [[1107, 749]],

 [[1107, 748]],

 [[1107, 747]],

 [[1107, 746]],

 [[1107, 745]],

 [[1107, 744]],

 [[1107, 743]],

 [[1107, 742]],

 [[1107, 741]],

 [[1107, 740]],

 [[1107, 739]],

 [[1107, 738]],

 [[1107, 737]],

 [[1107, 736]],

 [[1107, 735]],

 [[1107, 734]],

 [[1107, 733]],

 [[1107, 732]],

 [[1107, 731]],

 [[1107, 730]],

 [[1107, 729]],

 [[1107, 728]],

 [[1107, 727]],

 [[1106, 726]],

 [[1105, 725]],

 [[1105, 724]],

 [[1106, 723]],

 [[1107, 723]],

 [[1107, 722]],

 [[1107, 721]],

 [[1107, 720]],

 [[1107, 719]],

 [[1107, 718]],

 [[1107, 717]],

 [[1107, 716]],

 [[1107, 715]],

 [[1107, 714]],

 [[1107, 713]],

 [[1107, 712]],

 [[1107, 711]],

 [[1107, 710]],

 [[1107, 709]],

 [[1107, 708]],

 [[1107, 707]],

 [[1107, 706]],

 [[1107, 705]],

 [[1107, 704]],

 [[1107, 703]],

 [[1107, 702]],

 [[1107, 701]],

 [[1107, 700]],

 [[1107, 699]],

 [[1107, 698]],

 [[1107, 697]],

 [[1107, 696]],

 [[1107, 695]],

 [[1107, 694]],

 [[1107, 693]],

 [[1107, 692]],

 [[1107, 691]],

 [[1107, 690]],

 [[1107, 689]],

 [[1107, 688]],

 [[1107, 687]],

 [[1107, 686]],

 [[1107, 685]],

 [[1107, 684]],

 [[1107, 683]],

 [[1107, 682]],

 [[1107, 681]],

 [[1107, 680]],

 [[1107, 679]],

 [[1107, 678]],

 [[1107, 677]],

 [[1107, 676]],

 [[1107, 675]],

 [[1107, 674]],

 [[1107, 673]],

 [[1107, 672]],

 [[1107, 671]],

 [[1107, 670]],

 [[1107, 669]],

 [[1107, 668]],

 [[1107, 667]],

 [[1107, 666]],

 [[1107, 665]],

 [[1107, 664]],

 [[1107, 663]],

 [[1107, 662]],

 [[1107, 661]],

 [[1107, 660]],

 [[1107, 659]],

 [[1107, 658]],

 [[1106, 658]],

 [[1105, 657]],

 [[1105, 656]],

 [[1105, 655]],

 [[1105, 654]],

 [[1105, 653]],

 [[1105, 652]],

 [[1105, 651]],

 [[1105, 650]],

 [[1106, 649]],

 [[1107, 649]],

 [[1107, 648]],

 [[1107, 647]],

 [[1107, 646]],

 [[1107, 645]],

 [[1107, 644]],

 [[1107, 643]],

 [[1107, 642]],

 [[1107, 641]],

 [[1107, 640]],

 [[1107, 639]],

 [[1107, 638]],

 [[1107, 637]],

 [[1107, 636]],

 [[1107, 635]],

 [[1107, 634]],

 [[1107, 633]],

 [[1107, 632]],

 [[1107, 631]],

 [[1107, 630]],

 [[1107, 629]],

 [[1107, 628]],

 [[1107, 627]],

 [[1107, 626]],

 [[1107, 625]],

 [[1107, 624]],

 [[1107, 623]],

 [[1107, 622]],

 [[1107, 621]],

 [[1107, 620]],

 [[1107, 619]],

 [[1107, 618]],

 [[1108, 617]],

 [[1109, 616]],

 [[1109, 615]],

 [[1109, 614]],

 [[1109, 613]],

 [[1109, 612]],

 [[1110, 611]],

 [[1111, 610]],

 [[1111, 609]],

 [[1111, 608]],

 [[1111, 607]],

 [[1111, 606]],

 [[1112, 605]],

 [[1113, 604]],

 [[1113, 603]],

 [[1113, 602]],

 [[1113, 601]],

 [[1113, 600]],

 [[1114, 599]],

 [[1115, 598]],

 [[1116, 597]],

 [[1117, 596]],

 [[1117, 595]],

 [[1117, 594]],

 [[1117, 593]],

 [[1117, 592]],

 [[1118, 591]],

 [[1119, 591]],

 [[1119, 590]],

 [[1120, 589]],

 [[1121, 588]],

 [[1122, 587]],

 [[1123, 586]],

 [[1123, 585]],

 [[1123, 584]],

 [[1124, 583]],

 [[1125, 583]],

 [[1125, 582]],

 [[1126, 581]],

 [[1127, 581]],

 [[1128, 581]],

 [[1129, 580]],

 [[1129, 579]],

 [[1129, 578]],

 [[1130, 577]],

 [[1131, 576]],

 [[1132, 575]],

 [[1133, 574]],

 [[1134, 573]],

 [[1135, 572]],

 [[1136, 571]],

 [[1137, 570]],

 [[1138, 569]],

 [[1139, 568]],

 [[1140, 567]],

 [[1141, 566]],

 [[1142, 565]],

 [[1143, 564]],

 [[1144, 563]],

 [[1145, 563]],

 [[1146, 563]],

 [[1147, 562]],

 [[1148, 561]],

 [[1149, 561]],

 [[1150, 561]],

 [[1151, 560]],

 [[1152, 559]],

 [[1153, 558]],

 [[1154, 557]],

 [[1155, 557]],

 [[1156, 557]],

 [[1157, 557]],

 [[1158, 557]],

 [[1159, 557]],

 [[1160, 557]],

 [[1161, 557]],

 [[1161, 556]],

 [[1162, 555]],

 [[1163, 555]],

 [[1164, 555]],

 [[1165, 555]],

 [[1166, 555]],

 [[1167, 554]],

 [[1168, 553]],

 [[1169, 552]],

 [[1170, 551]],

 [[1171, 551]],

 [[1172, 551]],

 [[1173, 551]],

 [[1174, 551]],

 [[1175, 551]],

 [[1176, 551]],

 [[1177, 551]],

 [[1178, 551]],

 [[1179, 551]],

 [[1180, 551]],

 [[1181, 551]],

 [[1182, 551]],

 [[1183, 551]],

 [[1184, 551]],

 [[1185, 551]],

 [[1186, 551]],

 [[1187, 550]],

 [[1188, 549]],

 [[1189, 549]],

 [[1190, 549]],

 [[1191, 549]],

 [[1192, 549]],

 [[1193, 549]],

 [[1194, 549]],

 [[1195, 549]],

 [[1196, 550]],

 [[1197, 551]],

 [[1198, 552]],

 [[1199, 553]],

 [[1200, 553]],

 [[1201, 553]],

 [[1202, 553]],

 [[1203, 553]],

 [[1204, 554]],

 [[1204, 555]],

 [[1205, 555]],

 [[1206, 555]],

 [[1207, 555]],

 [[1208, 555]],

 [[1209, 555]],

 [[1210, 555]],

 [[1211, 555]],

 [[1212, 555]],

 [[1213, 555]],

 [[1214, 555]],

 [[1215, 555]],

 [[1216, 555]],

 [[1217, 555]],

 [[1218, 556]],

 [[1219, 557]],

 [[1220, 558]],

 [[1221, 559]],

 [[1222, 559]],

 [[1223, 559]],

 [[1224, 560]],

 [[1225, 561]],

 [[1226, 562]],

 [[1227, 563]],

 [[1228, 564]],

 [[1229, 565]],

 [[1230, 565]],

 [[1231, 565]],

 [[1232, 566]],

 [[1233, 567]],

 [[1234, 568]],

 [[1235, 569]],

 [[1236, 570]],

 [[1237, 571]],

 [[1238, 572]],

 [[1239, 573]],

 [[1240, 574]],

 [[1241, 575]],

 [[1242, 576]],

 [[1243, 577]],

 [[1244, 578]],

 [[1245, 579]],

 [[1246, 580]],

 [[1247, 581]],

 [[1248, 581]],

 [[1249, 581]],

 [[1250, 582]],

 [[1251, 583]],

 [[1252, 584]],

 [[1253, 585]],

 [[1254, 586]],

 [[1255, 587]],

 [[1256, 588]],

 [[1257, 589]],

 [[1258, 590]],

 [[1259, 591]],

 [[1260, 592]],

 [[1261, 593]],

 [[1262, 594]],

 [[1263, 595]],

 [[1264, 595]],

 [[1265, 595]],

 [[1266, 596]],

 [[1266, 597]],

 [[1267, 597]],

 [[1268, 597]],

 [[1269, 597]],

 [[1270, 598]],

 [[1271, 599]],

 [[1272, 600]],

 [[1273, 601]],

 [[1274, 602]],

 [[1275, 603]],

 [[1276, 604]],

 [[1277, 605]],

 [[1278, 605]],

 [[1279, 605]],

 [[1280, 606]],

 [[1280, 607]],

 [[1281, 607]],

 [[1282, 607]],

 [[1283, 607]],

 [[1284, 608]],

 [[1284, 609]],

 [[1285, 609]],

 [[1286, 610]],

 [[1287, 611]],

 [[1288, 612]],

 [[1289, 613]],

 [[1290, 613]],

 [[1291, 613]],

 [[1292, 614]],

 [[1293, 615]],

 [[1294, 615]],

 [[1295, 615]],

 [[1296, 615]],

 [[1297, 615]],

 [[1298, 616]],

 [[1298, 617]],

 [[1299, 617]],

 [[1300, 618]],

 [[1301, 619]],

 [[1302, 619]],

 [[1303, 619]],

 [[1304, 619]],

 [[1305, 619]],

 [[1306, 620]],

 [[1307, 621]],

 [[1308, 621]],

 [[1309, 621]],

 [[1310, 621]],

 [[1311, 621]],

 [[1312, 622]],

 [[1313, 623]],

 [[1314, 624]],

 [[1315, 625]],

 [[1316, 625]],

 [[1317, 625]],

 [[1318, 625]],

 [[1319, 625]],

 [[1320, 625]],

 [[1321, 625]],

 [[1322, 625]],

 [[1323, 625]],

 [[1324, 626]],

 [[1325, 627]],

 [[1326, 628]],

 [[1327, 629]],

 [[1328, 629]],

 [[1329, 629]],

 [[1330, 629]],

 [[1331, 629]],

 [[1332, 629]],

 [[1333, 629]],

 [[1334, 630]],

 [[1334, 631]],

 [[1335, 631]],

 [[1336, 631]],

 [[1337, 631]],

 [[1338, 631]],

 [[1339, 631]],

 [[1340, 631]],

 [[1341, 631]],

 [[1342, 631]],

 [[1343, 631]],

 [[1344, 632]],

 [[1345, 633]],

 [[1346, 633]],

 [[1347, 633]],

 [[1348, 633]],

 [[1349, 633]],

 [[1350, 633]],

 [[1351, 633]],

 [[1352, 633]],

 [[1353, 633]],

 [[1354, 633]],

 [[1355, 633]],

 [[1356, 634]],

 [[1356, 635]],

 [[1357, 635]],

 [[1358, 635]],

 [[1359, 635]],

 [[1360, 635]],

 [[1361, 635]],

 [[1362, 635]],

 [[1363, 635]],

 [[1364, 635]],

 [[1365, 635]],

 [[1366, 635]],

 [[1367, 635]],

 [[1368, 635]],

 [[1369, 635]],

 [[1370, 635]],

 [[1371, 635]],

 [[1372, 635]],

 [[1373, 635]],

 [[1374, 635]],

 [[1375, 635]],

 [[1376, 635]],

 [[1377, 635]],

 [[1378, 635]],

 [[1379, 635]],

 [[1380, 635]],

 [[1381, 635]],

 [[1382, 635]],

 [[1383, 635]],

 [[1384, 635]],

 [[1385, 635]],

 [[1386, 635]],

 [[1387, 635]],

 [[1388, 635]],

 [[1389, 635]],

 [[1390, 635]],

 [[1391, 635]],

 [[1391, 634]],

 [[1392, 633]],

 [[1393, 633]],

 [[1394, 633]],

 [[1395, 633]],

 [[1396, 633]],

 [[1397, 633]],

 [[1398, 633]],

 [[1399, 632]],

 [[1400, 631]],

 [[1401, 631]],

 [[1402, 631]],

 [[1403, 631]],

 [[1404, 631]],

 [[1405, 631]],

 [[1406, 631]],

 [[1407, 631]],

 [[1408, 631]],

 [[1409, 631]],

 [[1410, 631]],

 [[1411, 630]],

 [[1412, 629]],

 [[1413, 629]],

 [[1414, 629]],

 [[1415, 628]],

 [[1416, 627]],

 [[1417, 627]],

 [[1418, 627]],

 [[1419, 627]],

 [[1420, 627]],

 [[1421, 627]],

 [[1422, 627]],

 [[1423, 626]],

 [[1424, 625]],

 [[1425, 624]],

 [[1426, 623]],

 [[1427, 622]],

 [[1428, 621]],

 [[1429, 621]],

 [[1430, 621]],

 [[1431, 621]],

 [[1432, 621]],

 [[1433, 621]],

 [[1433, 620]],

 [[1434, 619]],

 [[1435, 619]],

 [[1436, 619]],

 [[1437, 619]],

 [[1438, 619]],

 [[1439, 618]],

 [[1440, 617]],

 [[1441, 617]],

 [[1441, 616]],

 [[1442, 615]],

 [[1443, 615]],

 [[1444, 615]],

 [[1445, 615]],

 [[1446, 615]],

 [[1447, 614]],

 [[1448, 613]],

 [[1449, 612]],

 [[1450, 611]],

 [[1451, 610]],

 [[1452, 609]],

 [[1453, 608]],

 [[1454, 607]],

 [[1455, 607]],

 [[1456, 607]],

 [[1457, 606]],

 [[1458, 605]],

 [[1459, 604]],

 [[1460, 603]],

 [[1461, 602]],

 [[1462, 601]],

 [[1463, 600]],

 [[1464, 599]],

 [[1465, 598]],

 [[1466, 597]],

 [[1467, 596]],

 [[1468, 595]],

 [[1469, 594]],

 [[1470, 593]],

 [[1471, 592]],

 [[1471, 591]],

 [[1471, 590]],

 [[1472, 589]],

 [[1473, 588]],

 [[1474, 587]],

 [[1475, 586]],

 [[1476, 585]],

 [[1477, 584]],

 [[1477, 583]],

 [[1477, 582]],

 [[1478, 581]],

 [[1479, 580]],

 [[1480, 579]],

 [[1481, 578]],

 [[1482, 577]],

 [[1483, 576]],

 [[1484, 575]],

 [[1485, 574]],

 [[1485, 573]],

 [[1485, 572]],

 [[1486, 571]],

 [[1487, 570]],

 [[1488, 569]],

 [[1489, 568]],

 [[1490, 567]],

 [[1491, 566]],

 [[1492, 565]],

 [[1493, 564]],

 [[1493, 563]],

 [[1492, 562]],

 [[1493, 561]],

 [[1493, 560]],

 [[1493, 559]],

 [[1493, 558]],

 [[1494, 557]],

 [[1495, 556]],

 [[1496, 555]],

 [[1497, 554]],

 [[1497, 553]],

 [[1497, 552]],

 [[1498, 551]],

 [[1499, 550]],

 [[1499, 549]],

 [[1499, 548]],

 [[1499, 547]],

 [[1499, 546]],

 [[1499, 545]],

 [[1499, 544]],

 [[1500, 543]],

 [[1501, 543]],

 [[1501, 542]],

 [[1502, 541]],

 [[1503, 540]],

 [[1503, 539]],

 [[1503, 538]],

 [[1503, 537]],

 [[1503, 536]],

 [[1503, 535]],

 [[1503, 534]],

 [[1504, 533]],

 [[1505, 532]],

 [[1505, 531]],

 [[1505, 530]],

 [[1505, 529]],

 [[1505, 528]],

 [[1505, 527]],

 [[1505, 526]],

 [[1506, 525]],

 [[1507, 525]],

 [[1507, 524]],

 [[1507, 523]],

 [[1507, 522]],

 [[1507, 521]],

 [[1507, 520]],

 [[1507, 519]],

 [[1507, 518]],

 [[1507, 517]],

 [[1507, 516]],

 [[1508, 515]],

 [[1509, 514]],

 [[1509, 513]],

 [[1509, 512]],

 [[1510, 511]],

 [[1511, 510]],

 [[1511, 509]],

 [[1511, 508]],

 [[1510, 507]],

 [[1511, 506]],

 [[1511, 505]],

 [[1511, 504]],

 [[1510, 504]],

 [[1509, 503]],

 [[1509, 502]],

 [[1509, 501]],

 [[1509, 500]],

 [[1509, 499]],

 [[1509, 498]],

 [[1510, 497]],

 [[1511, 497]],

 [[1511, 496]],

 [[1512, 495]],

 [[1513, 494]],

 [[1514, 493]],

 [[1515, 492]],

 [[1515, 491]],

 [[1515, 490]],

 [[1515, 489]],

 [[1515, 488]],

 [[1515, 487]],

 [[1515, 486]],

 [[1515, 485]],

 [[1515, 484]],

 [[1514, 484]],

 [[1513, 483]],

 [[1513, 482]],

 [[1513, 481]],

 [[1513, 480]],

 [[1513, 479]],

 [[1513, 478]],

 [[1513, 477]],

 [[1513, 476]],

 [[1513, 475]],

 [[1513, 474]],

 [[1513, 473]],

 [[1513, 472]],

 [[1513, 471]],

 [[1513, 470]],

 [[1513, 469]],

 [[1513, 468]],

 [[1513, 467]],

 [[1513, 466]],

 [[1513, 465]],

 [[1512, 464]],

 [[1511, 463]],

 [[1511, 462]],

 [[1511, 461]],

 [[1511, 460]],

 [[1511, 459]],

 [[1511, 458]],

 [[1511, 457]],

 [[1511, 456]],

 [[1511, 455]],

 [[1511, 454]],

 [[1510, 454]],

 [[1509, 453]],

 [[1509, 452]],

 [[1509, 451]],

 [[1509, 450]],

 [[1509, 449]],

 [[1509, 448]],

 [[1509, 447]],

 [[1509, 446]],

 [[1509, 445]],

 [[1509, 444]],

 [[1509, 443]],

 [[1508, 442]],

 [[1507, 441]],

 [[1507, 440]],

 [[1507, 439]],

 [[1507, 438]],

 [[1507, 437]],

 [[1507, 436]],

 [[1506, 436]],

 [[1505, 435]],

 [[1505, 434]],

 [[1505, 433]],

 [[1505, 432]],

 [[1505, 431]],

 [[1505, 430]],

 [[1505, 429]],

 [[1504, 428]],

 [[1503, 427]],

 [[1503, 426]],

 [[1503, 425]],

 [[1502, 424]],

 [[1501, 423]],

 [[1501, 422]],

 [[1501, 421]],

 [[1501, 420]],

 [[1501, 419]],

 [[1501, 418]],

 [[1501, 417]],

 [[1501, 416]],

 [[1501, 415]],

 [[1501, 414]],

 [[1501, 413]],

 [[1501, 412]],

 [[1501, 411]],

 [[1501, 410]],

 [[1501, 409]],

 [[1500, 408]],

 [[1499, 407]],

 [[1498, 406]],

 [[1497, 405]],

 [[1497, 404]],

 [[1497, 403]],

 [[1496, 402]],

 [[1495, 401]],

 [[1494, 400]],

 [[1493, 399]],

 [[1493, 398]],

 [[1493, 397]],

 [[1493, 396]],

 [[1492, 396]],

 [[1491, 395]],

 [[1491, 394]],

 [[1491, 393]],

 [[1491, 392]],

 [[1490, 392]],

 [[1489, 391]],

 [[1489, 390]],

 [[1489, 389]],

 [[1489, 388]],

 [[1489, 387]],

 [[1488, 386]],

 [[1487, 385]],

 [[1486, 384]],

 [[1485, 383]],

 [[1484, 382]],

 [[1483, 381]],

 [[1483, 380]],

 [[1483, 379]],

 [[1482, 378]],

 [[1481, 377]],

 [[1480, 376]],

 [[1479, 375]],

 [[1478, 374]],

 [[1477, 373]],

 [[1477, 372]],

 [[1477, 371]],

 [[1476, 370]],

 [[1475, 369]],

 [[1474, 368]],

 [[1473, 367]],

 [[1472, 366]],

 [[1471, 365]],

 [[1470, 364]],

 [[1469, 363]],

 [[1468, 362]],

 [[1467, 361]],

 [[1466, 360]],

 [[1465, 359]],

 [[1464, 358]],

 [[1463, 357]],

 [[1462, 356]],

 [[1461, 355]],

 [[1460, 354]],

 [[1459, 353]],

 [[1458, 352]],

 [[1457, 351]],

 [[1456, 350]],

 [[1455, 350]],

 [[1454, 350]],

 [[1453, 349]],

 [[1452, 348]],

 [[1451, 347]],

 [[1450, 346]],

 [[1449, 345]],

 [[1448, 344]],

 [[1447, 343]],

 [[1446, 342]],

 [[1445, 341]],

 [[1444, 340]],

 [[1443, 340]],

 [[1442, 340]],

 [[1441, 340]],

 [[1440, 340]],

 [[1439, 339]],

 [[1439, 338]],

 [[1438, 338]],

 [[1437, 337]],

 [[1436, 336]],

 [[1435, 336]],

 [[1434, 336]],

 [[1433, 336]],

 [[1432, 336]],

 [[1431, 336]],

 [[1430, 336]],

 [[1429, 335]],

 [[1428, 334]],

 [[1427, 333]],

 [[1426, 332]],

 [[1425, 331]],

 [[1424, 330]],

 [[1423, 330]],

 [[1422, 330]],

 [[1421, 330]],

 [[1420, 330]],

 [[1419, 330]],

 [[1418, 330]],

 [[1417, 330]],

 [[1416, 330]],

 [[1415, 329]],

 [[1415, 328]],

 [[1414, 328]],

 [[1413, 327]],

 [[1412, 326]],

 [[1411, 326]],

 [[1410, 326]],

 [[1409, 326]],

 [[1408, 326]],

 [[1407, 326]],

 [[1406, 326]],

 [[1405, 325]],

 [[1404, 324]],

 [[1403, 323]],

 [[1402, 322]],

 [[1401, 322]],

 [[1400, 322]],

 [[1399, 322]],

 [[1398, 322]],

 [[1397, 322]],

 [[1396, 322]],

 [[1395, 322]],

 [[1394, 322]],

 [[1393, 322]],

 [[1392, 322]],

 [[1391, 322]],

 [[1390, 322]],

 [[1389, 322]],

 [[1388, 322]],

 [[1387, 322]],

 [[1386, 322]],

 [[1385, 321]],

 [[1385, 320]],

 [[1384, 320]],

 [[1383, 320]],

 [[1382, 320]],

 [[1381, 320]],

 [[1380, 320]],

 [[1379, 320]],

 [[1378, 320]],

 [[1377, 320]],

 [[1376, 320]],

 [[1375, 320]],

 [[1374, 320]],

 [[1373, 320]],

 [[1372, 320]],

 [[1371, 320]],

 [[1370, 320]],

 [[1369, 320]],

 [[1368, 320]],

 [[1367, 320]],

 [[1366, 320]],

 [[1365, 320]],

 [[1364, 320]],

 [[1363, 320]],

 [[1362, 320]],

 [[1361, 320]],

 [[1360, 320]],

 [[1359, 320]],

 [[1358, 320]],

 [[1357, 320]],

 [[1356, 320]],

 [[1355, 320]],

 [[1354, 321]],

 [[1353, 322]],

 [[1352, 323]],

 [[1351, 324]],

 [[1350, 324]],

 [[1349, 324]],

 [[1348, 324]],

 [[1347, 324]],

 [[1346, 324]],

 [[1345, 324]],

 [[1344, 324]],

 [[1343, 324]],

 [[1342, 324]],

 [[1341, 324]],

 [[1340, 324]],

 [[1339, 324]],

 [[1338, 324]],

 [[1338, 325]],

 [[1337, 326]],

 [[1336, 326]],

 [[1335, 326]],

 [[1334, 326]],

 [[1333, 326]],

 [[1332, 327]],

 [[1331, 328]],

 [[1330, 328]],

 [[1329, 328]],

 [[1328, 328]],

 [[1327, 328]],

 [[1326, 328]],

 [[1325, 328]],

 [[1324, 329]],

 [[1323, 330]],

 [[1322, 331]],

 [[1321, 332]],

 [[1320, 332]],

 [[1319, 332]],

 [[1318, 332]],

 [[1317, 332]],

 [[1316, 332]],

 [[1315, 332]],

 [[1314, 333]],

 [[1313, 334]],

 [[1312, 335]],

 [[1311, 336]],

 [[1310, 336]],

 [[1309, 336]],

 [[1308, 337]],

 [[1307, 338]],

 [[1306, 338]],

 [[1305, 338]],

 [[1304, 339]],

 [[1303, 340]],

 [[1302, 340]],

 [[1301, 340]],

 [[1300, 341]],

 [[1299, 342]],

 [[1298, 343]],

 [[1297, 344]],

 [[1296, 344]],

 [[1295, 344]],

 [[1294, 345]],

 [[1293, 346]],

 [[1292, 347]],

 [[1291, 348]],

 [[1290, 349]],

 [[1289, 350]],

 [[1288, 351]],

 [[1287, 352]],

 [[1286, 353]],

 [[1285, 354]],

 [[1284, 355]],

 [[1283, 356]],

 [[1282, 357]],

 [[1281, 358]],

 [[1280, 359]],

 [[1279, 360]],

 [[1278, 361]],

 [[1277, 362]],

 [[1276, 363]],

 [[1275, 364]],

 [[1274, 365]],

 [[1273, 366]],

 [[1272, 367]],

 [[1271, 368]],

 [[1270, 369]],

 [[1269, 370]],

 [[1268, 370]],

 [[1267, 370]],

 [[1266, 371]],

 [[1265, 372]],

 [[1264, 373]],

 [[1263, 374]],

 [[1262, 374]],

 [[1261, 374]],

 [[1260, 374]],

 [[1260, 375]],

 [[1259, 376]],

 [[1258, 376]],

 [[1257, 376]],

 [[1256, 377]],

 [[1255, 378]],

 [[1254, 378]],

 [[1253, 378]],

 [[1252, 379]],

 [[1251, 380]],

 [[1250, 381]],

 [[1249, 382]],

 [[1248, 382]],

 [[1247, 382]],

 [[1246, 383]],

 [[1245, 384]],

 [[1244, 384]],

 [[1243, 384]],

 [[1242, 384]],

 [[1241, 384]],

 [[1240, 384]],

 [[1239, 384]],

 [[1238, 384]],

 [[1237, 384]],

 [[1236, 384]],

 [[1236, 385]],

 [[1235, 386]],

 [[1234, 386]],

 [[1233, 386]],

 [[1232, 387]],

 [[1231, 388]],

 [[1230, 388]],

 [[1230, 389]],

 [[1229, 390]],

 [[1228, 390]],

 [[1227, 390]],

 [[1226, 390]],

 [[1225, 390]],

 [[1224, 390]],

 [[1223, 390]],

 [[1222, 390]],

 [[1221, 390]],

 [[1220, 390]],

 [[1219, 390]],

 [[1218, 390]],

 [[1217, 389]],

 [[1216, 388]],

 [[1215, 388]],

 [[1214, 388]],

 [[1213, 388]],

 [[1212, 388]],

 [[1211, 388]],

 [[1210, 388]],

 [[1209, 388]],

 [[1208, 388]],

 [[1207, 388]],

 [[1206, 388]],

 [[1205, 388]],

 [[1204, 388]],

 [[1203, 388]],

 [[1202, 388]],

 [[1201, 388]],

 [[1200, 388]],

 [[1199, 388]],

 [[1198, 388]],

 [[1197, 388]],

 [[1196, 388]],

 [[1195, 388]],

 [[1194, 388]],

 [[1193, 388]],

 [[1192, 388]],

 [[1191, 387]],

 [[1190, 386]],

 [[1189, 386]],

 [[1188, 386]],

 [[1187, 385]],

 [[1186, 384]],

 [[1185, 384]],

 [[1184, 384]],

 [[1183, 384]],

 [[1182, 384]],

 [[1181, 384]],

 [[1180, 384]],

 [[1179, 383]],

 [[1178, 382]],

 [[1177, 381]],

 [[1176, 380]],

 [[1175, 380]],

 [[1174, 380]],

 [[1173, 379]],

 [[1172, 378]],

 [[1171, 377]],

 [[1170, 376]],

 [[1169, 375]],

 [[1168, 374]],

 [[1167, 373]],

 [[1166, 372]],

 [[1165, 371]],

 [[1164, 370]],

 [[1163, 370]],

 [[1162, 370]],

 [[1161, 369]],

 [[1160, 368]],

 [[1159, 367]],

 [[1158, 366]],

 [[1157, 365]],

 [[1156, 364]],

 [[1155, 363]],

 [[1154, 362]],

 [[1153, 361]],

 [[1152, 360]],

 [[1151, 359]],

 [[1151, 358]],

 [[1151, 357]],

 [[1150, 356]],

 [[1149, 355]],

 [[1149, 354]],

 [[1148, 354]],

 [[1147, 353]],

 [[1147, 352]],

 [[1147, 351]],

 [[1147, 350]],

 [[1147, 349]],

 [[1146, 348]],

 [[1145, 347]],

 [[1144, 346]],

 [[1143, 345]],

 [[1142, 344]],

 [[1141, 343]],

 [[1140, 342]],

 [[1139, 341]],

 [[1138, 340]],

 [[1137, 339]],

 [[1137, 338]],

 [[1137, 337]],

 [[1137, 336]],

 [[1137, 335]],

 [[1137, 334]],

 [[1137, 333]],

 [[1137, 332]],

 [[1137, 331]],

 [[1137, 330]],

 [[1137, 329]],

 [[1137, 328]],

 [[1137, 327]],

 [[1137, 326]],

 [[1137, 325]],

 [[1137, 324]],

 [[1137, 323]],

 [[1136, 322]],

 [[1135, 321]],

 [[1135, 320]],

 [[1135, 319]],

 [[1134, 318]],

 [[1133, 317]],

 [[1133, 316]],

 [[1133, 315]],

 [[1133, 314]],

 [[1134, 313]],

 [[1135, 312]],

 [[1135, 311]],

 [[1135, 310]],

 [[1135, 309]],

 [[1135, 308]],

 [[1135, 307]],

 [[1135, 306]],

 [[1135, 305]],

 [[1135, 304]],

 [[1136, 303]],

 [[1137, 303]],

 [[1137, 302]],

 [[1137, 301]],

 [[1137, 300]],

 [[1137, 299]],

 [[1137, 298]],

 [[1137, 297]],

 [[1137, 296]],

 [[1137, 295]],

 [[1136, 294]],

 [[1135, 293]],

 [[1135, 292]],

 [[1135, 291]],

 [[1135, 290]],

 [[1136, 289]],

 [[1137, 288]],

 [[1137, 287]],

 [[1137, 286]],

 [[1137, 285]],

 [[1137, 284]],

 [[1137, 283]],

 [[1137, 282]],

 [[1137, 281]],

 [[1137, 280]],

 [[1137, 279]],

 [[1137, 278]],

 [[1137, 277]],

 [[1137, 276]],

 [[1137, 275]],

 [[1137, 274]],

 [[1137, 273]],

 [[1137, 272]],

 [[1137, 271]],

 [[1137, 270]],

 [[1138, 269]],

 [[1139, 269]],

 [[1139, 268]],

 [[1139, 267]],

 [[1138, 266]],

 [[1138, 265]],

 [[1139, 264]],

 [[1139, 263]],

 [[1138, 262]],

 [[1137, 261]],

 [[1137, 260]],

 [[1137, 259]],

 [[1137, 258]],

 [[1137, 257]],

 [[1137, 256]],

 [[1136, 256]],

 [[1135, 255]],

 [[1135, 254]],

 [[1135, 253]],

 [[1135, 252]],

 [[1135, 251]],

 [[1135, 250]],

 [[1135, 249]],

 [[1135, 248]],

 [[1135, 247]],

 [[1135, 246]],

 [[1136, 245]],

 [[1137, 245]],

 [[1137, 244]],

 [[1137, 243]],

 [[1137, 242]],

 [[1137, 241]],

 [[1137, 240]],

 [[1137, 239]],

 [[1137, 238]],

 [[1137, 237]],

 [[1137, 236]],

 [[1137, 235]],

 [[1137, 234]],

 [[1137, 233]],

 [[1137, 232]],

 [[1137, 231]],

 [[1137, 230]],

 [[1137, 229]],

 [[1137, 228]],

 [[1137, 227]],

 [[1137, 226]],

 [[1137, 225]],

 [[1137, 224]],

 [[1137, 223]],

 [[1137, 222]],

 [[1137, 221]],

 [[1137, 220]],

 [[1138, 219]],

 [[1139, 219]],

 [[1139, 218]],

 [[1139, 217]],

 [[1139, 216]],

 [[1139, 215]],

 [[1139, 214]],

 [[1139, 213]],

 [[1139, 212]],

 [[1139, 211]],

 [[1139, 210]],

 [[1139, 209]],

 [[1139, 208]],

 [[1139, 207]],

 [[1139, 206]],

 [[1139, 205]],

 [[1139, 204]],

 [[1140, 203]],

 [[1141, 203]],

 [[1141, 202]],

 [[1141, 201]],

 [[1141, 200]],

 [[1141, 199]],

 [[1141, 198]],

 [[1141, 197]],

 [[1141, 196]],

 [[1141, 195]],

 [[1141, 194]],

 [[1141, 193]],

 [[1140, 192]],

 [[1139, 191]],

 [[1139, 190]],

 [[1139, 189]],

 [[1139, 188]],

 [[1139, 187]],

 [[1139, 186]],

 [[1140, 185]],

 [[1141, 184]],

 [[1141, 183]],

 [[1141, 182]],

 [[1141, 181]],

 [[1141, 180]],

 [[1141, 179]],

 [[1141, 178]],

 [[1141, 177]],

 [[1141, 176]],

 [[1141, 175]],

 [[1141, 174]],

 [[1141, 173]],

 [[1141, 172]],

 [[1141, 171]],

 [[1141, 170]],

 [[1141, 169]],

 [[1141, 168]],

 [[1141, 167]],

 [[1141, 166]],

 [[1141, 165]],

 [[1141, 164]],

 [[1141, 163]],

 [[1141, 162]],

 [[1142, 161]],

 [[1143, 160]],

 [[1143, 159]],

 [[1143, 158]],

 [[1144, 157]],

 [[1145, 157]],

 [[1145, 156]],

 [[1145, 155]],

 [[1145, 154]],

 [[1145, 153]],

 [[1145, 152]],

 [[1145, 151]],

 [[1145, 150]],

 [[1145, 149]],

 [[1145, 148]],

 [[1145, 147]],

 [[1144, 146]],

 [[1143, 145]],

 [[1143, 144]],

 [[1143, 143]],

 [[1143, 142]],

 [[1143, 141]],

 [[1143, 140]],

 [[1144, 139]],

 [[1145, 139]],

 [[1145, 138]],

 [[1145, 137]],

 [[1145, 136]],

 [[1146, 135]],

 [[1147, 134]],

 [[1147, 133]],

 [[1147, 132]],

 [[1147, 131]],

 [[1147, 130]],

 [[1147, 129]],

 [[1147, 128]],

 [[1147, 127]],

 [[1146, 126]],

 [[1145, 125]],

 [[1145, 124]],

 [[1145, 123]],

 [[1145, 122]],

 [[1145, 121]],

 [[1144, 120]],

 [[1143, 119]],

 [[1143, 118]],

 [[1144, 117]],

 [[1145, 116]],

 [[1145, 115]],

 [[1145, 114]],

 [[1145, 113]],

 [[1145, 112]],

 [[1145, 111]],

 [[1145, 110]],

 [[1145, 109]],

 [[1145, 108]],

 [[1145, 107]],

 [[1145, 106]],

 [[1145, 105]],

 [[1145, 104]],

 [[1145, 103]],

 [[1145, 102]],

 [[1145, 101]],

 [[1145, 100]],

 [[1145,  99]],

 [[1145,  98]],

 [[1146,  97]],

 [[1147,  97]],

 [[1147,  96]],

 [[1147,  95]],

 [[1147,  94]],

 [[1147,  93]],

 [[1147,  92]],

 [[1147,  91]],

 [[1147,  90]],

 [[1147,  89]],

 [[1147,  88]],

 [[1147,  87]],

 [[1147,  86]],

 [[1147,  85]],

 [[1147,  84]],

 [[1147,  83]],

 [[1147,  82]],

 [[1147,  81]],

 [[1147,  80]],

 [[1147,  79]],

 [[1147,  78]],

 [[1147,  77]],

 [[1147,  76]],

 [[1147,  75]],

 [[1147,  74]],

 [[1147,  73]],

 [[1147,  72]],

 [[1148,  71]],

 [[1149,  71]],

 [[1149,  70]],

 [[1149,  69]],

 [[1149,  68]],

 [[1149,  67]],

 [[1149,  66]],

 [[1149,  65]],

 [[1149,  64]],

 [[1149,  63]],

 [[1149,  62]],

 [[1149,  61]],

 [[1149,  60]],

 [[1149,  59]],

 [[1149,  58]],

 [[1149,  57]],

 [[1149,  56]],

 [[1149,  55]],

 [[1149,  54]],

 [[1149,  53]],

 [[1149,  52]],

 [[1149,  51]],

 [[1149,  50]],

 [[1149,  49]],

 [[1149,  48]],

 [[1149,  47]],

 [[1149,  46]],

 [[1149,  45]],

 [[1149,  44]],

 [[1149,  43]],

 [[1149,  42]],

 [[1149,  41]],

 [[1149,  40]],

 [[1149,  39]],

 [[1149,  38]],

 [[1149,  37]],

 [[1149,  36]],

 [[1149,  35]],

 [[1149,  34]],

 [[1150,  33]],

 [[1151,  32]],

 [[1151,  31]],

 [[1151,  30]],

 [[1151,  29]],

 [[1151,  28]],

 [[1151,  27]],

 [[1151,  26]],

 [[1151,  25]],

 [[1151,  24]],

 [[1151,  23]],

 [[1150,  22]],

 [[1149,  22]],

 [[1148,  22]],

 [[1147,  22]],

 [[1146,  22]],

 [[1145,  22]],

 [[1144,  22]],

 [[1143,  22]],

 [[1142,  22]],

 [[1141,  22]],

 [[1140,  22]],

 [[1139,  22]],

 [[1138,  22]],

 [[1137,  22]],

 [[1136,  22]],

 [[1135,  22]],

 [[1134,  22]],

 [[1133,  22]],

 [[1132,  22]],

 [[1131,  22]],

 [[1130,  22]],

 [[1129,  22]],

 [[1128,  22]],

 [[1127,  22]],

 [[1126,  22]],

 [[1125,  22]],

 [[1124,  22]],

 [[1123,  22]],

 [[1122,  22]],

 [[1121,  22]],

 [[1120,  22]],

 [[1119,  22]],

 [[1118,  22]],

 [[1117,  22]],

 [[1116,  22]],

 [[1115,  22]],

 [[1114,  22]],

 [[1113,  22]],

 [[1112,  22]],

 [[1111,  22]],

 [[1110,  22]],

 [[1109,  22]],

 [[1108,  22]],

 [[1107,  22]],

 [[1106,  22]],

 [[1105,  22]],

 [[1104,  22]],

 [[1103,  21]],

 [[1103,  20]],

 [[1102,  20]],

 [[1101,  20]],

 [[1100,  20]],

 [[1099,  20]],

 [[1098,  20]],

 [[1097,  20]],

 [[1096,  20]],

 [[1095,  20]],

 [[1094,  20]],

 [[1093,  20]],

 [[1092,  20]],

 [[1091,  20]],

 [[1090,  20]],

 [[1089,  20]],

 [[1088,  20]],

 [[1087,  20]],

 [[1086,  20]],

 [[1085,  20]],

 [[1084,  20]],

 [[1083,  20]],

 [[1082,  20]],

 [[1081,  20]],

 [[1080,  20]],

 [[1079,  20]],

 [[1078,  20]],

 [[1077,  20]],

 [[1076,  20]],

 [[1075,  20]],

 [[1074,  20]],

 [[1073,  20]],

 [[1072,  20]],

 [[1071,  20]],

 [[1070,  20]],

 [[1069,  20]],

 [[1068,  20]],

 [[1067,  20]],

 [[1066,  20]],

 [[1065,  20]],

 [[1064,  20]],

 [[1063,  20]],

 [[1062,  20]],

 [[1061,  20]],

 [[1060,  20]],

 [[1059,  20]],

 [[1058,  20]],

 [[1057,  20]],

 [[1056,  20]],

 [[1055,  20]],

 [[1054,  20]],

 [[1053,  20]],

 [[1052,  20]],

 [[1051,  20]],

 [[1050,  20]],

 [[1049,  20]],

 [[1048,  20]],

 [[1047,  20]],

 [[1046,  20]],

 [[1045,  20]],

 [[1044,  20]],

 [[1043,  20]],

 [[1042,  20]],

 [[1041,  20]],

 [[1040,  20]],

 [[1039,  20]],

 [[1038,  20]],

 [[1037,  20]],

 [[1036,  20]],

 [[1035,  20]],

 [[1034,  20]],

 [[1033,  20]],

 [[1032,  20]],

 [[1031,  20]],

 [[1030,  20]],

 [[1029,  20]],

 [[1028,  20]],

 [[1027,  20]],

 [[1026,  20]],

 [[1025,  20]],

 [[1024,  20]],

 [[1023,  20]],

 [[1022,  20]],

 [[1021,  20]],

 [[1020,  20]],

 [[1019,  20]],

 [[1018,  20]],

 [[1017,  19]],

 [[1016,  18]],

 [[1015,  18]],

 [[1014,  18]],

 [[1013,  18]],

 [[1012,  18]],

 [[1011,  18]],

 [[1010,  18]],

 [[1009,  18]],

 [[1008,  18]],

 [[1007,  18]],

 [[1006,  18]],

 [[1005,  18]],

 [[1004,  18]],

 [[1003,  18]],

 [[1002,  18]],

 [[1001,  18]],

 [[1000,  18]],

 [[ 999,  18]],

 [[ 998,  18]],

 [[ 997,  18]],

 [[ 996,  18]],

 [[ 995,  18]],

 [[ 994,  18]],

 [[ 993,  18]],

 [[ 992,  18]],

 [[ 991,  18]],

 [[ 990,  18]],

 [[ 989,  18]],

 [[ 988,  18]],

 [[ 987,  18]],

 [[ 986,  18]],

 [[ 985,  18]],

 [[ 984,  18]],

 [[ 983,  18]],

 [[ 982,  18]],

 [[ 981,  18]],

 [[ 980,  18]],

 [[ 979,  18]],

 [[ 978,  18]],

 [[ 977,  18]],

 [[ 976,  18]],

 [[ 975,  18]],

 [[ 974,  18]],

 [[ 973,  18]],

 [[ 972,  18]],

 [[ 971,  18]],

 [[ 970,  18]],

 [[ 969,  18]],

 [[ 968,  18]],

 [[ 967,  18]],

 [[ 966,  18]],

 [[ 965,  18]],

 [[ 964,  18]],

 [[ 963,  18]],

 [[ 962,  18]],

 [[ 961,  18]],

 [[ 960,  18]],

 [[ 959,  18]],

 [[ 958,  18]],

 [[ 957,  18]],

 [[ 956,  18]],

 [[ 955,  18]],

 [[ 954,  18]],

 [[ 953,  18]],

 [[ 952,  18]],

 [[ 951,  18]],

 [[ 950,  18]],

 [[ 949,  18]],

 [[ 948,  18]],

 [[ 947,  18]],

 [[ 946,  18]],

 [[ 945,  18]],

 [[ 944,  18]],

 [[ 943,  18]],

 [[ 942,  18]],

 [[ 941,  18]],

 [[ 940,  18]],

 [[ 939,  18]],

 [[ 938,  18]],

 [[ 937,  18]],

 [[ 936,  18]],

 [[ 935,  18]],

 [[ 934,  18]],

 [[ 933,  18]],

 [[ 932,  18]],

 [[ 931,  18]],

 [[ 930,  18]],

 [[ 929,  18]],

 [[ 928,  18]],

 [[ 927,  18]],

 [[ 926,  18]],

 [[ 925,  18]],

 [[ 924,  18]],

 [[ 923,  18]],

 [[ 922,  18]],

 [[ 921,  17]],

 [[ 920,  16]],

 [[ 919,  16]],

 [[ 918,  16]],

 [[ 917,  16]],

 [[ 916,  16]],

 [[ 915,  16]],

 [[ 914,  16]],

 [[ 913,  16]],

 [[ 912,  16]],

 [[ 911,  16]],

 [[ 910,  16]],

 [[ 909,  16]],

 [[ 908,  16]],

 [[ 907,  16]],

 [[ 906,  16]],

 [[ 905,  16]],

 [[ 904,  16]],

 [[ 903,  16]],

 [[ 902,  16]],

 [[ 901,  16]],

 [[ 900,  16]],

 [[ 899,  16]],

 [[ 898,  17]],

 [[ 897,  18]],

 [[ 896,  18]],

 [[ 895,  18]],

 [[ 894,  18]],

 [[ 893,  18]],

 [[ 892,  18]],

 [[ 891,  18]],

 [[ 890,  18]],

 [[ 889,  18]],

 [[ 888,  18]],

 [[ 887,  18]],

 [[ 886,  18]],

 [[ 885,  17]],

 [[ 884,  16]],

 [[ 883,  16]],

 [[ 882,  16]],

 [[ 881,  16]],

 [[ 880,  16]],

 [[ 879,  16]],

 [[ 878,  16]],

 [[ 877,  16]],

 [[ 876,  16]],

 [[ 875,  16]],

 [[ 874,  16]],

 [[ 873,  16]],

 [[ 872,  16]],

 [[ 871,  16]],

 [[ 870,  16]],

 [[ 869,  16]],

 [[ 868,  16]],

 [[ 867,  16]],

 [[ 866,  16]],

 [[ 865,  16]],

 [[ 864,  16]],

 [[ 863,  16]],

 [[ 862,  16]],

 [[ 861,  16]],

 [[ 860,  16]],

 [[ 859,  16]],

 [[ 858,  16]],

 [[ 857,  16]],

 [[ 856,  16]],

 [[ 855,  16]],

 [[ 854,  16]],

 [[ 853,  16]],

 [[ 852,  16]],

 [[ 851,  16]],

 [[ 850,  16]],

 [[ 849,  16]],

 [[ 848,  16]],

 [[ 847,  16]],

 [[ 846,  16]],

 [[ 845,  16]],

 [[ 844,  16]],

 [[ 843,  16]],

 [[ 842,  16]],

 [[ 841,  16]],

 [[ 840,  16]],

 [[ 839,  16]],

 [[ 838,  16]],

 [[ 837,  16]],

 [[ 836,  16]],

 [[ 835,  16]],

 [[ 834,  16]],

 [[ 833,  16]],

 [[ 832,  16]],

 [[ 831,  16]],

 [[ 830,  16]],

 [[ 829,  16]],

 [[ 828,  16]],

 [[ 827,  16]],

 [[ 826,  16]],

 [[ 825,  16]],

 [[ 824,  16]],

 [[ 823,  16]],

 [[ 822,  16]],

 [[ 821,  16]],

 [[ 820,  16]],

 [[ 819,  16]],

 [[ 818,  16]],

 [[ 817,  15]],

 [[ 817,  14]],

 [[ 816,  14]],

 [[ 815,  14]],

 [[ 814,  14]],

 [[ 813,  14]],

 [[ 812,  14]],

 [[ 811,  14]],

 [[ 810,  14]],

 [[ 809,  14]],

 [[ 808,  14]],

 [[ 807,  14]],

 [[ 806,  14]],

 [[ 805,  14]],

 [[ 804,  14]],

 [[ 803,  14]],

 [[ 802,  14]],

 [[ 801,  14]],

 [[ 800,  14]],

 [[ 799,  14]],

 [[ 798,  14]],

 [[ 797,  14]],

 [[ 796,  14]],

 [[ 795,  14]],

 [[ 794,  14]],

 [[ 793,  14]],

 [[ 792,  14]],

 [[ 791,  14]],

 [[ 790,  14]],

 [[ 789,  14]],

 [[ 788,  14]],

 [[ 787,  14]],

 [[ 786,  14]],

 [[ 785,  14]],

 [[ 784,  14]],

 [[ 783,  14]],

 [[ 782,  14]],

 [[ 781,  14]],

 [[ 780,  14]],

 [[ 779,  14]],

 [[ 778,  14]],

 [[ 777,  14]],

 [[ 776,  14]],

 [[ 775,  14]],

 [[ 774,  14]],

 [[ 773,  14]],

 [[ 772,  14]],

 [[ 771,  14]],

 [[ 770,  14]],

 [[ 769,  14]],

 [[ 768,  14]],

 [[ 767,  14]],

 [[ 766,  14]],

 [[ 765,  14]],

 [[ 764,  14]],

 [[ 763,  14]],

 [[ 762,  14]],

 [[ 761,  14]],

 [[ 760,  14]],

 [[ 759,  14]],

 [[ 758,  14]],

 [[ 757,  14]],

 [[ 756,  14]],

 [[ 755,  14]],

 [[ 754,  14]],

 [[ 753,  14]],

 [[ 752,  14]],

 [[ 751,  14]],

 [[ 750,  14]],

 [[ 749,  14]],

 [[ 748,  14]],

 [[ 747,  14]],

 [[ 746,  14]],

 [[ 745,  14]],

 [[ 744,  14]],

 [[ 743,  14]],

 [[ 742,  14]],

 [[ 741,  14]],

 [[ 740,  14]],

 [[ 739,  14]],

 [[ 738,  14]],

 [[ 737,  14]],

 [[ 736,  14]],

 [[ 735,  14]],

 [[ 734,  14]],

 [[ 733,  14]],

 [[ 732,  14]],

 [[ 731,  14]],

 [[ 730,  14]],

 [[ 729,  14]],

 [[ 728,  14]],

 [[ 727,  14]],

 [[ 726,  14]],

 [[ 725,  14]],

 [[ 724,  14]],

 [[ 723,  14]],

 [[ 722,  14]],

 [[ 721,  14]],

 [[ 720,  14]],

 [[ 719,  14]],

 [[ 718,  14]],

 [[ 717,  14]],

 [[ 716,  14]],

 [[ 715,  14]],

 [[ 714,  14]],

 [[ 713,  14]],

 [[ 712,  14]],

 [[ 711,  14]],

 [[ 710,  14]],

 [[ 709,  14]],

 [[ 708,  14]],

 [[ 707,  14]],

 [[ 706,  14]],

 [[ 705,  14]],

 [[ 704,  14]],

 [[ 703,  14]],

 [[ 702,  14]],

 [[ 701,  14]],

 [[ 700,  14]],

 [[ 699,  14]],

 [[ 698,  14]],

 [[ 697,  14]],

 [[ 696,  14]],

 [[ 695,  14]],

 [[ 694,  14]],

 [[ 693,  14]],

 [[ 692,  14]],

 [[ 691,  13]],

 [[ 691,  12]],

 [[ 690,  12]],

 [[ 689,  12]],

 [[ 688,  12]],

 [[ 687,  12]],

 [[ 686,  12]],

 [[ 685,  12]],

 [[ 684,  12]],

 [[ 683,  12]],

 [[ 682,  12]],

 [[ 681,  12]],

 [[ 680,  12]],

 [[ 679,  12]],

 [[ 678,  12]],

 [[ 677,  12]],

 [[ 676,  12]],

 [[ 675,  12]],

 [[ 674,  12]],

 [[ 673,  12]],

 [[ 672,  12]],

 [[ 671,  12]],

 [[ 670,  12]],

 [[ 669,  12]],

 [[ 668,  12]],

 [[ 667,  12]],

 [[ 666,  12]],

 [[ 665,  12]],

 [[ 664,  12]],

 [[ 663,  12]],

 [[ 662,  12]],

 [[ 661,  12]],

 [[ 660,  12]],

 [[ 659,  12]],

 [[ 658,  12]],

 [[ 657,  12]],

 [[ 656,  12]],

 [[ 655,  12]],

 [[ 654,  12]],

 [[ 653,  12]],

 [[ 652,  12]],

 [[ 651,  12]],

 [[ 650,  12]],

 [[ 649,  12]],

 [[ 648,  12]],

 [[ 647,  12]],

 [[ 646,  12]],

 [[ 645,  12]],

 [[ 644,  12]],

 [[ 643,  12]],

 [[ 642,  12]],

 [[ 641,  12]],

 [[ 640,  12]],

 [[ 639,  12]],

 [[ 638,  12]],

 [[ 637,  12]],

 [[ 636,  12]],

 [[ 635,  12]],

 [[ 634,  12]],

 [[ 633,  12]],

 [[ 632,  12]],

 [[ 631,  12]],

 [[ 630,  12]],

 [[ 629,  12]],

 [[ 628,  12]],

 [[ 627,  12]],

 [[ 626,  12]],

 [[ 625,  12]],

 [[ 624,  12]],

 [[ 623,  12]],

 [[ 622,  12]],

 [[ 621,  12]],

 [[ 620,  12]],

 [[ 619,  12]],

 [[ 618,  12]],

 [[ 617,  12]],

 [[ 616,  12]],

 [[ 615,  12]],

 [[ 614,  12]],

 [[ 613,  12]],

 [[ 612,  12]],

 [[ 611,  11]],

 [[ 611,  10]],

 [[ 610,  10]],

 [[ 609,  10]],

 [[ 608,  10]],

 [[ 607,  10]],

 [[ 606,  10]],

 [[ 605,  10]],

 [[ 604,  10]],

 [[ 603,  10]],

 [[ 602,  10]],

 [[ 601,  10]],

 [[ 600,  10]],

 [[ 599,  10]],

 [[ 598,  10]],

 [[ 597,  10]],

 [[ 596,  10]],

 [[ 595,  10]],

 [[ 594,  10]],

 [[ 593,  10]],

 [[ 592,  10]],

 [[ 591,  10]],

 [[ 590,  10]],

 [[ 589,  10]],

 [[ 588,  10]],

 [[ 587,  10]],

 [[ 586,  10]],

 [[ 585,  10]],

 [[ 584,  10]],

 [[ 583,  10]],

 [[ 582,  10]],

 [[ 581,  10]],

 [[ 580,  10]],

 [[ 579,  10]],

 [[ 578,  10]],

 [[ 577,  10]],

 [[ 576,  10]],

 [[ 575,  10]],

 [[ 574,  10]],

 [[ 573,  10]],

 [[ 572,  10]],

 [[ 571,  10]],

 [[ 570,  10]],

 [[ 569,  10]],

 [[ 568,  10]],

 [[ 567,  10]],

 [[ 566,  10]],

 [[ 565,  10]],

 [[ 564,  10]],

 [[ 563,  10]],

 [[ 562,  10]],

 [[ 561,  10]],

 [[ 560,  10]],

 [[ 559,  10]],

 [[ 558,  10]],

 [[ 557,  10]],

 [[ 556,  10]],

 [[ 555,  10]],

 [[ 554,  10]],

 [[ 553,  10]],

 [[ 552,  10]],

 [[ 551,  10]],

 [[ 550,  10]],

 [[ 549,  10]],

 [[ 548,  10]],

 [[ 547,  10]],

 [[ 546,  10]],

 [[ 545,  10]],

 [[ 544,  10]],

 [[ 543,  10]],

 [[ 542,  10]],

 [[ 541,  10]],

 [[ 540,  10]],

 [[ 539,  10]],

 [[ 538,  10]],

 [[ 537,  10]],

 [[ 536,  10]],

 [[ 535,  10]],

 [[ 534,  10]],

 [[ 533,  10]],

 [[ 532,  10]],

 [[ 531,  10]],

 [[ 530,  10]],

 [[ 529,  10]],

 [[ 528,  10]],

 [[ 527,  10]],

 [[ 526,  10]],

 [[ 525,  10]],

 [[ 524,  10]],

 [[ 523,  10]],

 [[ 522,  10]],

 [[ 521,   9]],

 [[ 520,   8]],

 [[ 519,   8]],

 [[ 518,   8]],

 [[ 517,   8]],

 [[ 516,   8]],

 [[ 515,   8]],

 [[ 514,   8]],

 [[ 513,   8]],

 [[ 512,   8]],

 [[ 511,   8]],

 [[ 510,   8]],

 [[ 509,   8]],

 [[ 508,   8]],

 [[ 507,   8]],

 [[ 506,   8]],

 [[ 505,   8]],

 [[ 504,   8]],

 [[ 503,   8]],

 [[ 502,   8]],

 [[ 501,   8]],

 [[ 500,   8]],

 [[ 499,   8]],

 [[ 498,   8]],

 [[ 497,   8]],

 [[ 496,   8]],

 [[ 495,   8]],

 [[ 494,   8]],

 [[ 493,   8]],

 [[ 492,   8]],

 [[ 491,   8]],

 [[ 490,   8]],

 [[ 489,   8]],

 [[ 488,   8]],

 [[ 487,   8]],

 [[ 486,   8]],

 [[ 485,   8]],

 [[ 484,   8]],

 [[ 483,   8]],

 [[ 482,   8]],

 [[ 481,   8]],

 [[ 480,   8]],

 [[ 479,   8]],

 [[ 478,   8]],

 [[ 477,   8]],

 [[ 476,   8]],

 [[ 475,   8]],

 [[ 474,   8]],

 [[ 473,   8]],

 [[ 472,   8]],

 [[ 471,   8]],

 [[ 470,   8]],

 [[ 469,   8]],

 [[ 468,   8]],

 [[ 467,   8]],

 [[ 466,   8]],

 [[ 465,   8]],

 [[ 464,   8]],

 [[ 463,   7]],

 [[ 463,   6]],

 [[ 462,   6]],

 [[ 461,   6]],

 [[ 460,   6]],

 [[ 459,   6]],

 [[ 458,   6]],

 [[ 457,   6]],

 [[ 456,   6]],

 [[ 455,   6]],

 [[ 454,   6]],

 [[ 453,   6]],

 [[ 452,   6]],

 [[ 451,   6]],

 [[ 450,   6]],

 [[ 449,   6]],

 [[ 448,   6]],

 [[ 447,   6]],

 [[ 446,   6]],

 [[ 445,   6]],

 [[ 444,   6]],

 [[ 443,   6]],

 [[ 442,   6]],

 [[ 441,   6]],

 [[ 440,   6]],

 [[ 439,   6]],

 [[ 438,   6]],

 [[ 437,   6]],

 [[ 436,   6]],

 [[ 435,   6]],

 [[ 434,   6]],

 [[ 433,   6]],

 [[ 432,   6]],

 [[ 431,   6]],

 [[ 430,   6]],

 [[ 429,   6]],

 [[ 428,   6]],

 [[ 427,   6]],

 [[ 426,   6]],

 [[ 425,   6]],

 [[ 424,   6]],

 [[ 423,   6]],

 [[ 422,   6]],

 [[ 421,   6]],

 [[ 420,   6]],

 [[ 419,   6]],

 [[ 418,   6]],

 [[ 417,   6]],

 [[ 416,   6]],

 [[ 415,   6]],

 [[ 414,   6]],

 [[ 413,   6]],

 [[ 412,   6]],

 [[ 411,   6]],

 [[ 410,   6]],

 [[ 409,   6]],

 [[ 408,   6]],

 [[ 407,   6]],

 [[ 406,   6]],

 [[ 405,   6]],

 [[ 404,   6]],

 [[ 403,   6]],

 [[ 402,   6]],

 [[ 401,   6]],

 [[ 400,   6]],

 [[ 399,   6]],

 [[ 398,   6]],

 [[ 397,   6]],

 [[ 396,   6]],

 [[ 395,   6]],

 [[ 394,   6]],

 [[ 393,   6]],

 [[ 392,   6]],

 [[ 391,   6]],

 [[ 390,   6]],

 [[ 389,   5]],

 [[ 389,   4]],

 [[ 388,   4]],

 [[ 387,   4]],

 [[ 386,   4]],

 [[ 385,   4]],

 [[ 384,   4]],

 [[ 383,   4]],

 [[ 382,   4]],

 [[ 381,   4]],

 [[ 380,   4]],

 [[ 379,   4]],

 [[ 378,   4]],

 [[ 377,   4]],

 [[ 376,   4]],

 [[ 375,   4]],

 [[ 374,   4]],

 [[ 373,   4]],

 [[ 372,   4]],

 [[ 371,   4]],

 [[ 370,   4]],

 [[ 369,   4]],

 [[ 368,   4]],

 [[ 367,   4]],

 [[ 366,   4]],

 [[ 365,   4]],

 [[ 364,   4]],

 [[ 363,   4]],

 [[ 362,   4]],

 [[ 361,   4]],

 [[ 360,   4]],

 [[ 359,   4]],

 [[ 358,   4]],

 [[ 357,   4]],

 [[ 356,   4]],

 [[ 355,   4]],

 [[ 354,   4]],

 [[ 353,   4]],

 [[ 352,   4]],

 [[ 351,   4]],

 [[ 350,   4]],

 [[ 349,   4]],

 [[ 348,   4]],

 [[ 347,   4]],

 [[ 346,   4]],

 [[ 345,   4]],

 [[ 344,   4]],

 [[ 343,   4]],

 [[ 342,   4]],

 [[ 341,   4]],

 [[ 340,   4]],

 [[ 339,   4]],

 [[ 338,   4]],

 [[ 337,   4]],

 [[ 336,   4]],

 [[ 335,   4]],

 [[ 334,   4]],

 [[ 333,   4]],

 [[ 332,   4]],

 [[ 331,   4]],

 [[ 330,   4]],

 [[ 329,   4]],

 [[ 328,   4]],

 [[ 327,   4]],

 [[ 326,   4]],

 [[ 325,   4]],

 [[ 324,   4]],

 [[ 323,   4]],

 [[ 322,   4]],

 [[ 321,   4]],

 [[ 320,   4]],

 [[ 319,   4]],

 [[ 318,   4]],

 [[ 317,   4]],

 [[ 316,   4]],

 [[ 315,   4]],

 [[ 314,   4]],

 [[ 313,   4]],

 [[ 312,   4]],

 [[ 311,   4]],

 [[ 310,   4]],

 [[ 309,   3]],

 [[ 309,   2]],

 [[ 308,   2]],

 [[ 307,   2]],

 [[ 306,   2]],

 [[ 305,   2]],

 [[ 304,   2]],

 [[ 303,   2]],

 [[ 302,   2]],

 [[ 301,   2]],

 [[ 300,   2]],

 [[ 299,   2]],

 [[ 298,   2]],

 [[ 297,   2]],

 [[ 296,   2]],

 [[ 295,   2]],

 [[ 294,   2]],

 [[ 293,   2]],

 [[ 292,   2]],

 [[ 291,   2]],

 [[ 290,   2]],

 [[ 289,   2]],

 [[ 288,   2]],

 [[ 287,   2]],

 [[ 286,   2]],

 [[ 285,   2]],

 [[ 284,   2]],

 [[ 283,   2]],

 [[ 282,   2]],

 [[ 281,   2]],

 [[ 280,   2]],

 [[ 279,   2]],

 [[ 278,   2]],

 [[ 277,   2]],

 [[ 276,   2]],

 [[ 275,   2]],

 [[ 274,   2]],

 [[ 273,   2]],

 [[ 272,   2]],

 [[ 271,   2]],

 [[ 270,   2]],

 [[ 269,   2]],

 [[ 268,   2]],

 [[ 267,   2]],

 [[ 266,   2]],

 [[ 265,   2]],

 [[ 264,   2]],

 [[ 263,   2]],

 [[ 262,   2]],

 [[ 261,   2]],

 [[ 260,   2]],

 [[ 259,   2]],

 [[ 258,   2]],

 [[ 257,   2]],

 [[ 256,   2]],

 [[ 255,   2]],

 [[ 254,   2]],

 [[ 253,   2]],

 [[ 252,   2]],

 [[ 251,   2]],

 [[ 250,   2]],

 [[ 249,   1]],

 [[ 248,   0]],

 [[ 247,   0]],

 [[ 246,   0]],

 [[ 245,   0]],

 [[ 244,   0]],

 [[ 243,   0]],

 [[ 242,   0]],

 [[ 241,   0]],

 [[ 240,   0]],

 [[ 239,   0]],

 [[ 238,   0]],

 [[ 237,   0]],

 [[ 236,   0]],

 [[ 235,   0]],

 [[ 234,   0]],

 [[ 233,   0]],

 [[ 232,   0]],

 [[ 231,   0]],

 [[ 230,   0]],

 [[ 229,   0]],

 [[ 228,   0]],

 [[ 227,   0]],

 [[ 226,   0]],

 [[ 225,   0]],

 [[ 224,   0]],

 [[ 223,   0]],

 [[ 222,   0]],

 [[ 221,   0]],

 [[ 220,   0]],

 [[ 219,   0]],

 [[ 218,   0]],

 [[ 217,   0]],

 [[ 216,   0]],

 [[ 215,   0]],

 [[ 214,   0]],

 [[ 213,   0]],

 [[ 212,   0]],

 [[ 211,   0]],

 [[ 210,   0]],

 [[ 209,   0]],

 [[ 208,   0]],

 [[ 207,   0]],

 [[ 206,   0]],

 [[ 205,   0]],

 [[ 204,   0]],

 [[ 203,   0]],

 [[ 202,   0]],

 [[ 201,   0]],

 [[ 200,   0]],

 [[ 199,   0]],

 [[ 198,   0]],

 [[ 197,   0]],

 [[ 196,   0]],

 [[ 195,   0]],

 [[ 194,   0]],

 [[ 193,   0]],

 [[ 192,   0]],

 [[ 191,   0]],

 [[ 190,   0]],

 [[ 189,   0]],

 [[ 188,   0]],

 [[ 187,   0]],

 [[ 186,   0]],

 [[ 185,   0]],

 [[ 184,   0]],

 [[ 183,   0]],

 [[ 182,   0]],

 [[ 181,   0]],

 [[ 180,   0]],

 [[ 179,   0]],

 [[ 178,   0]],

 [[ 177,   0]],

 [[ 176,   0]],

 [[ 175,   0]],

 [[ 174,   0]],

 [[ 173,   0]],

 [[ 172,   0]],

 [[ 171,   0]],

 [[ 170,   0]]]