996	0
995	1
994	1
993	1
992	1
991	1
990	1
989	1
988	1
987	1
986	1
985	1
984	1
983	1
982	2
981	2
980	2
979	2
978	2
977	2
976	2
975	3
974	3
973	3
972	3
971	3
970	3
969	4
968	4
967	4
966	4
965	5
964	5
963	5
962	5
961	6
960	6
959	7
958	7
957	7
956	8
955	8
954	9
953	9
952	10
951	10
950	11
949	11
948	12
947	13
946	13
945	14
944	15
943	15
942	16
941	17
940	18
939	18
938	19
938	20
937	21
936	22
935	22
934	23
934	24
933	25
932	26
931	27
930	28
930	29
929	30
928	31
927	32
927	33
926	34
925	35
925	36
924	37
923	38
923	39
922	40
922	41
921	42
921	43
920	44
920	45
920	46
919	47
919	48
919	49
918	50
918	51
918	52
918	53
918	54
917	55
917	56
917	57
917	58
917	59
917	60
917	61
917	62
917	63
917	64
917	65
917	66
917	67
917	68
917	69
917	70
917	71
917	72
917	73
917	74
917	75
917	76
917	77
918	78
918	79
918	80
918	81
918	82
918	83
919	84
919	85
919	86
919	87
919	88
919	89
920	90
920	91
921	92
921	93
921	94
922	95
922	96
922	97
923	98
923	99
924	100
924	101
925	102
926	103
926	104
927	105
927	106
928	107
928	108
929	109
929	110
930	111
931	112
932	113
932	114
933	115
934	116
935	117
935	118
936	119
937	119
938	120
938	121
939	122
940	123
941	124
942	125
943	126
944	127
945	128
946	129
947	130
948	131
949	132
950	133
950	134
951	135
952	136
953	137
954	138
955	139
955	140
956	141
957	142
958	143
959	144
959	145
960	146
960	147
961	148
962	149
962	150
963	151
964	152
965	153
965	154
966	155
967	156
967	157
968	158
968	159
969	160
970	161
970	162
971	163
971	164
972	165
972	166
973	167
974	168
974	169
974	170
975	171
975	172
976	173
976	174
977	175
978	176
978	177
978	178
979	179
979	180
980	181
980	182
981	183
981	184
981	185
982	186
982	187
982	188
983	189
983	190
984	191
984	192
984	193
984	194
985	195
985	196
986	197
986	198
986	199
987	200
987	201
987	202
988	203
988	204
988	205
988	206
989	207
989	208
989	209
989	210
990	211
990	212
990	213
990	214
991	215
991	216
991	217
991	218
991	219
991	220
991	221
991	222
991	223
991	224
992	225
992	226
992	227
992	228
992	229
992	230
992	231
992	232
992	233
992	234
992	235
992	236
992	237
992	238
992	239
992	240
992	241
992	242
992	243
992	244
992	245
992	246
992	247
992	248
992	249
992	250
992	251
992	252
992	253
992	254
991	255
991	256
991	257
991	258
990	259
990	260
990	261
990	262
990	263
989	264
989	265
989	266
988	267
988	268
988	269
987	270
987	271
987	272
986	273
986	274
986	275
986	276
985	277
985	278
984	279
984	280
984	281
983	282
983	283
983	284
982	285
982	286
981	287
981	288
981	289
980	290
979	291
979	292
979	293
978	294
978	295
977	296
977	297
976	298
976	299
975	300
975	301
974	302
973	303
973	304
973	305
972	306
971	307
971	308
970	309
969	310
968	311
968	312
967	313
967	314
966	315
966	316
965	317
964	317
964	318
963	319
962	320
962	321
961	322
960	323
959	324
958	325
957	326
956	327
956	328
955	329
954	330
953	331
952	332
951	333
950	334
949	335
948	336
947	337
946	338
945	339
944	340
943	341
942	342
941	343
940	344
939	345
938	345
937	346
936	347
935	348
934	349
933	350
932	350
931	351
930	352
929	352
928	353
927	354
926	354
925	355
924	356
923	356
922	356
921	357
920	358
919	358
918	359
917	360
916	360
915	361
914	361
913	362
912	362
911	363
910	363
909	364
908	364
907	365
906	365
905	366
904	366
903	367
902	367
901	368
900	368
899	369
898	369
897	369
896	370
895	370
894	371
893	371
892	372
891	372
890	372
889	373
888	373
887	373
886	374
885	374
884	374
883	375
882	375
881	376
880	376
879	376
878	376
877	377
876	377
875	377
874	377
873	378
872	378
871	378
870	379
869	379
868	379
867	379
866	379
865	379
864	380
863	380
862	380
861	380
860	380
859	381
858	381
857	381
856	381
855	381
854	381
853	381
852	381
851	382
850	382
849	382
848	382
847	382
846	382
845	382
844	382
843	383
842	383
841	383
840	383
839	383
838	383
837	383
836	383
835	383
834	383
833	383
832	383
831	384
830	384
829	384
828	384
827	384
826	384
825	384
824	383
823	383
822	383
821	383
820	383
819	383
818	383
817	383
816	383
815	383
814	383
813	383
812	383
811	383
810	382
809	382
808	382
807	382
806	382
805	382
804	382
803	382
802	382
801	382
800	382
799	382
798	382
797	381
796	381
795	381
794	381
793	381
792	381
791	381
790	381
789	381
788	380
787	380
786	380
785	380
784	379
783	379
782	379
781	379
780	379
779	378
778	378
777	377
776	377
775	377
774	376
773	376
772	376
771	375
770	374
769	374
768	374
767	374
766	373
765	372
764	372
763	371
762	371
761	370
760	370
759	369
758	369
757	368
756	368
755	367
754	367
753	366
752	366
751	366
750	365
749	365
748	365
747	364
746	364
745	363
744	363
743	363
742	362
741	362
740	362
739	361
738	361
737	360
736	360
735	360
734	359
733	359
732	358
731	357
730	357
729	356
728	355
727	355
726	354
725	353
725	352
724	351
723	351
722	350
722	349
721	348
720	347
720	346
719	346
718	345
717	344
717	343
716	342
715	341
714	340
713	339
712	338
711	337
710	336
709	335
708	334
707	333
706	333
705	332
704	331
703	330
702	329
701	328
700	327
699	326
698	325
697	324
696	323
695	322
694	321
693	320
693	319
692	318
691	317
690	316
689	315
688	314
687	313
687	312
686	311
685	310
684	309
683	308
682	307
681	306
680	305
679	304
678	303
677	302
677	301
676	301
675	300
675	299
674	298
673	297
672	296
672	295
671	294
671	293
670	292
670	291
669	290
669	289
668	288
668	287
668	286
667	285
667	284
667	283
666	282
666	281
666	280
666	279
666	278
666	277
666	276
666	275
666	274
665	273
665	272
665	271
666	270
666	269
666	268
666	267
666	266
666	265
666	264
666	263
666	262
666	261
666	260
666	259
667	258
667	257
667	256
667	255
667	254
667	253
667	252
667	251
668	250
668	249
668	248
668	247
669	246
669	245
669	244
669	243
669	242
669	241
669	240
669	239
670	238
670	237
670	236
670	235
670	234
670	233
670	232
670	231
670	230
670	229
670	228
670	227
670	226
670	225
670	224
670	223
670	222
670	221
670	220
670	219
670	218
670	217
670	216
670	215
670	214
670	213
670	212
670	211
670	210
670	209
670	208
670	207
670	206
670	205
670	204
670	203
671	202
671	201
671	200
671	199
671	198
671	197
672	196
672	195
672	194
673	193
673	192
674	191
674	190
674	189
675	188
675	187
676	186
676	185
677	184
677	183
678	182
678	181
679	180
679	179
680	178
681	177
681	176
682	175
682	174
683	173
684	172
684	171
685	170
686	169
686	168
687	167
688	167
688	166
689	165
689	164
690	163
691	162
692	161
693	160
694	159
694	158
695	157
696	156
697	155
698	155
698	154
699	153
700	152
701	151
702	150
703	149
704	148
705	147
706	146
707	145
708	144
709	143
710	142
710	141
711	140
712	139
713	138
714	137
715	136
716	135
717	134
717	133
718	132
719	131
719	130
720	129
720	128
721	127
722	126
723	125
723	124
723	123
724	122
725	121
725	120
725	119
726	118
726	117
727	116
728	115
728	114
728	113
728	112
729	111
729	110
729	109
730	108
730	107
730	106
731	105
731	104
731	103
731	102
731	101
732	100
732	99
732	98
733	97
733	96
733	95
733	94
733	93
733	92
733	91
733	90
733	89
733	88
733	87
733	86
733	85
734	84
734	83
734	82
734	81
734	80
734	79
734	78
734	77
734	76
734	75
733	74
733	73
733	72
733	71
733	70
733	69
733	68
733	67
733	66
733	65
732	64
732	63
731	62
731	61
731	60
731	59
730	58
730	57
729	56
729	55
728	54
727	53
727	52
726	51
725	50
725	49
724	48
723	47
722	46
722	45
721	45
720	44
720	43
720	42
719	41
719	40
718	39
717	38
717	37
717	36
717	35
717	34
716	33
716	32
715	31
714	30
714	29
713	28
713	27
713	26
712	25
711	24
710	23
709	22
708	21
707	20
706	19
705	19
704	18
703	17
702	16
701	15
700	15
699	14
698	14
697	13
696	13
695	12
694	11
693	11
692	11
691	10
690	9
689	9
688	9
687	8
686	8
685	8
684	7
683	7
682	7
681	6
680	6
679	6
678	6
677	5
676	5
675	5
674	5
673	5
672	4
671	4
670	4
669	4
668	4
667	4
666	4
665	3
664	3
663	3
662	3
661	3
660	3
659	3
658	3
657	3
656	3
655	3
654	3
653	2
652	2
651	2
650	2
649	2
648	2
647	2
646	2
645	2
644	2
643	2
642	2
641	2
640	2
639	2
638	2
637	2
636	2
635	2
634	2
633	2
632	2
631	2
630	2
629	2
628	2
627	2
626	2
625	2
624	2
623	2
622	2
621	2
620	2
619	2
618	2
617	2
616	2
615	3
614	3
613	3
612	3
611	3
610	3
609	3
608	3
607	3
606	3
605	3
604	3
603	3
602	3
601	3
600	3
599	3
598	3
597	4
596	4
595	4
594	4
593	4
592	4
591	4
590	4
589	4
588	4
587	4
586	4
585	4
584	4
583	4
582	4
581	4
580	4
579	4
578	4
577	4
576	4
575	4
574	4
573	4
572	4
571	4
570	4
569	4
568	4
567	4
566	4
565	4
564	4
563	4
562	4
561	4
560	4
559	4
558	4
557	4
556	4
555	4
554	4
553	4
552	4
551	4
550	4
549	4
548	4
547	4
546	4
545	4
544	4
543	4
542	4
541	4
540	4
539	4
538	4
537	4
536	4
535	4
534	4
533	4
532	4
531	4
530	4
529	4
528	4
527	4
526	4
525	4
524	4
523	4
522	4
521	4
520	4
519	4
518	4
517	4
516	4
515	4
514	4
513	4
512	4
511	4
510	4
509	4
508	4
507	4
506	4
505	4
504	4
503	4
502	4
501	4
500	4
499	4
498	4
497	4
496	4
495	4
494	4
493	4
492	4
491	4
490	4
489	4
488	4
487	4
486	4
485	4
484	4
483	4
482	4
481	4
480	4
479	4
478	4
477	4
476	4
475	4
474	4
473	4
472	4
471	4
470	5
469	5
468	5
467	5
466	5
465	5
464	5
463	5
462	5
461	5
460	5
459	5
458	5
457	5
456	5
455	5
454	5
453	5
452	5
451	6
450	6
449	6
448	6
447	6
446	6
445	6
444	6
443	6
442	6
441	6
440	6
439	6
438	6
437	6
436	6
435	6
434	6
433	6
432	6
431	6
430	6
429	6
428	6
427	6
426	6
425	6
424	6
423	6
422	6
421	6
420	6
419	6
418	6
417	6
416	6
415	6
414	6
413	6
412	6
411	6
410	6
409	6
408	6
407	6
406	6
405	6
404	6
403	6
402	6
401	6
400	6
399	6
398	6
397	6
396	6
395	6
394	6
393	6
392	6
391	6
390	6
389	7
388	7
387	7
386	7
385	7
384	7
383	8
382	8
381	8
380	8
379	9
378	9
377	10
376	11
375	11
375	12
374	13
373	14
373	15
372	16
372	17
371	18
370	19
370	20
370	21
370	22
370	23
370	24
370	25
370	26
369	27
369	28
369	29
369	30
369	31
369	32
369	33
369	34
369	35
369	36
369	37
369	38
369	39
369	40
369	41
369	42
369	43
369	44
369	45
369	46
369	47
369	48
369	49
369	50
369	51
369	52
369	53
369	54
369	55
369	56
369	57
369	58
369	59
369	60
369	61
369	62
369	63
369	64
369	65
369	66
369	67
369	68
369	69
369	70
369	71
369	72
369	73
369	74
369	75
370	76
370	77
370	78
370	79
370	80
370	81
370	82
370	83
370	84
370	85
370	86
370	87
370	88
370	89
370	90
370	91
370	92
371	93
371	94
371	95
371	96
371	97
371	98
371	99
371	100
371	101
371	102
371	103
371	104
371	105
371	106
371	107
371	108
371	109
371	110
371	111
371	112
371	113
371	114
371	115
371	116
371	117
371	118
371	119
371	120
371	121
371	122
371	123
371	124
371	125
371	126
371	127
371	128
371	129
371	130
371	131
371	132
371	133
371	134
371	135
371	136
371	137
371	138
371	139
371	140
371	141
371	142
371	143
371	144
371	145
371	146
371	147
371	148
371	149
371	150
371	151
371	152
371	153
371	154
371	155
371	156
371	157
371	158
371	159
371	160
371	161
371	162
371	163
371	164
371	165
371	166
371	167
371	168
371	169
371	170
371	171
371	172
371	173
371	174
371	175
371	176
371	177
371	178
371	179
371	180
372	181
372	182
372	183
372	184
372	185
372	186
372	187
372	188
372	189
372	190
372	191
372	192
372	193
372	194
372	195
372	196
372	197
372	198
372	199
372	200
372	201
373	202
373	203
373	204
373	205
373	206
373	207
373	208
373	209
373	210
373	211
373	212
373	213
373	214
373	215
373	216
373	217
373	218
373	219
373	220
373	221
373	222
373	223
373	224
373	225
373	226
373	227
373	228
373	229
373	230
373	231
373	232
373	233
373	234
373	235
373	236
373	237
373	238
373	239
373	240
373	241
373	242
373	243
373	244
373	245
373	246
373	247
373	248
373	249
373	250
373	251
373	252
373	253
373	254
373	255
373	256
373	257
373	258
373	259
373	260
373	261
373	262
373	263
373	264
373	265
373	266
373	267
373	268
373	269
373	270
373	271
373	272
373	273
373	274
373	275
373	276
373	277
373	278
373	279
373	280
373	281
373	282
373	283
373	284
373	285
373	286
373	287
373	288
373	289
374	290
374	291
374	292
374	293
374	294
374	295
374	296
374	297
374	298
374	299
374	300
374	301
374	302
374	303
374	304
374	305
374	306
374	307
374	308
375	309
375	310
375	311
375	312
375	313
375	314
375	315
375	316
375	317
375	318
375	319
375	320
375	321
375	322
375	323
375	324
375	325
375	326
375	327
375	328
375	329
375	330
375	331
375	332
375	333
375	334
375	335
375	336
375	337
375	338
375	339
375	340
375	341
375	342
375	343
375	344
375	345
375	346
375	347
375	348
375	349
375	350
375	351
375	352
375	353
375	354
375	355
375	356
375	357
375	358
375	359
375	360
375	361
375	362
375	363
375	364
375	365
375	366
375	367
375	368
375	369
375	370
375	371
375	372
375	373
375	374
376	375
376	376
376	377
376	378
376	379
376	380
376	381
376	382
376	383
376	384
376	385
376	386
376	387
376	388
376	389
376	390
376	391
376	392
376	393
377	394
377	395
377	396
377	397
377	398
377	399
377	400
377	401
377	402
377	403
377	404
377	405
377	406
377	407
377	408
377	409
377	410
377	411
377	412
378	413
378	414
378	415
378	416
378	417
378	418
378	419
378	420
378	421
378	422
378	423
378	424
379	425
379	426
378	427
378	428
378	429
378	430
378	431
378	432
378	433
378	434
378	435
378	436
378	437
377	438
377	439
376	440
376	441
376	442
375	443
375	444
374	445
374	446
373	447
373	448
372	449
371	450
370	451
370	452
369	453
368	454
367	455
366	456
366	457
365	458
364	458
363	459
362	459
362	460
361	461
360	461
359	462
358	463
357	463
356	464
355	465
354	465
353	466
352	467
351	467
350	468
349	469
348	469
347	470
346	470
345	471
344	472
343	473
342	473
341	473
340	474
339	475
338	475
337	475
336	476
335	477
334	477
333	478
332	478
331	478
330	479
329	479
328	479
327	479
326	480
325	480
324	480
323	480
322	481
321	481
320	481
319	481
318	481
317	481
316	481
315	481
314	482
313	482
312	482
311	482
310	482
309	482
308	482
307	482
306	482
305	482
304	482
303	482
302	482
301	482
300	482
299	482
298	482
297	482
296	482
295	482
294	482
293	482
292	482
291	482
290	482
289	482
288	481
287	481
286	481
285	481
284	481
283	481
282	480
281	480
280	480
279	480
278	479
277	479
276	478
275	478
274	478
273	477
272	477
271	476
270	475
269	475
268	475
267	474
266	473
265	473
264	472
263	472
262	471
261	470
260	469
259	469
258	468
257	467
256	467
255	466
254	465
253	464
252	463
251	463
250	462
250	461
249	461
248	460
247	459
246	458
245	457
244	456
243	455
242	454
241	453
240	453
239	452
239	451
238	450
237	449
236	449
235	448
234	447
234	446
233	445
232	445
231	444
230	443
230	442
229	441
228	441
227	440
226	439
225	438
224	437
223	436
222	435
221	434
220	434
219	433
218	432
217	431
216	430
215	430
214	429
213	428
212	428
211	427
210	426
209	426
208	425
207	424
206	424
205	423
204	423
203	422
202	422
201	421
200	421
199	420
198	419
197	419
196	419
195	418
194	417
193	417
192	417
191	416
190	416
189	416
188	415
187	415
186	415
185	414
184	414
183	414
182	413
181	413
180	413
179	412
178	412
177	411
176	411
175	411
174	411
173	411
172	410
171	410
170	410
169	409
168	409
167	409
166	409
165	409
164	409
163	408
162	408
161	408
160	408
159	408
158	408
157	407
156	407
155	407
154	407
153	407
152	407
151	407
150	407
149	407
148	407
147	407
146	407
145	407
144	406
143	406
142	407
141	407
140	407
139	407
138	407
137	407
136	407
135	407
134	407
133	407
132	407
131	407
130	407
129	408
128	408
127	408
126	408
125	408
124	408
123	408
122	409
121	409
120	409
119	409
118	409
117	409
116	410
115	410
114	410
113	411
112	411
111	411
110	411
109	412
108	412
107	412
106	412
105	413
104	413
103	414
102	414
101	414
100	415
99	415
98	416
97	416
96	417
95	417
94	418
93	418
92	419
91	419
90	420
89	420
88	421
87	422
86	422
85	423
84	423
83	424
82	425
81	426
80	427
79	427
78	428
77	429
76	429
76	430
75	431
74	431
73	432
72	433
71	433
70	434
69	435
68	436
67	437
66	437
65	438
64	438
63	439
62	439
61	440
60	441
59	442
58	442
57	443
56	444
55	445
54	445
53	446
52	447
51	448
50	449
49	450
48	451
47	452
46	453
45	454
45	455
44	456
43	457
42	458
41	459
41	460
40	461
39	462
38	463
38	464
37	465
36	466
36	467
35	468
34	469
34	470
33	471
33	472
32	473
31	474
31	475
31	476
30	477
29	478
29	479
28	480
28	481
27	482
27	483
26	484
26	485
26	486
25	487
25	488
24	489
24	490
23	491
23	492
22	493
22	494
21	495
21	496
20	497
20	498
19	499
19	500
19	501
18	502
18	503
17	504
17	505
16	506
16	507
16	508
15	509
15	510
14	511
14	512
14	513
13	514
13	515
12	516
12	517
12	518
12	519
11	520
11	521
10	522
10	523
10	524
10	525
9	526
9	527
9	528
8	529
8	530
8	531
8	532
7	533
7	534
7	535
7	536
6	537
6	538
6	539
6	540
5	541
5	542
5	543
5	544
5	545
4	546
4	547
4	548
4	549
4	550
3	551
3	552
3	553
3	554
2	555
2	556
2	557
2	558
2	559
2	560
2	561
1	562
1	563
1	564
1	565
1	566
1	567
1	568
0	569
0	570
0	571
0	572
0	573
0	574
0	575
0	576
0	577
0	578
0	579
0	580
0	581
0	582
0	583
0	584
0	585
0	586
0	587
0	588
0	589
1	590
1	591
1	592
1	593
1	594
1	595
2	596
2	597
2	598
2	599
2	600
2	601
3	602
3	603
3	604
4	605
4	606
4	607
4	608
4	609
4	610
5	611
5	612
5	613
6	614
6	615
6	616
6	617
6	618
6	619
7	620
7	621
7	622
7	623
8	624
8	625
8	626
8	627
9	628
9	629
9	630
9	631
10	632
10	633
10	634
10	635
11	636
11	637
11	638
12	639
12	640
13	641
13	642
13	643
14	644
15	645
15	646
15	647
16	648
16	649
16	650
17	651
18	652
18	653
18	654
19	655
20	656
20	657
21	658
21	659
22	660
23	661
23	662
24	663
25	664
26	665
26	666
27	667
27	668
28	669
29	670
30	671
31	672
31	673
32	674
33	675
34	676
35	677
35	678
36	679
37	680
38	681
39	682
40	683
41	684
42	685
42	686
43	687
44	688
45	689
46	690
47	691
48	692
49	693
50	694
51	695
52	696
53	697
53	698
54	699
55	699
56	700
57	701
58	702
58	703
59	703
60	704
61	705
62	706
63	707
64	708
65	708
66	709
67	710
68	711
69	712
70	712
71	713
72	714
73	714
74	715
74	716
75	716
76	717
77	717
78	718
79	718
80	719
81	720
82	721
83	721
84	721
85	722
86	723
87	723
88	723
89	724
90	724
91	724
92	725
93	726
94	726
95	726
96	726
97	727
98	727
99	727
100	728
101	728
102	728
103	728
104	728
105	729
106	729
107	729
108	729
109	729
110	729
111	730
112	730
113	730
114	730
115	730
116	730
117	731
118	731
119	731
120	731
121	731
122	731
123	731
124	731
125	732
126	732
127	732
128	732
129	732
130	732
131	732
132	732
133	732
134	732
135	732
136	732
137	733
138	733
139	733
140	733
141	733
142	733
143	733
144	733
145	733
146	733
147	733
148	732
149	732
150	732
151	732
152	732
153	732
154	732
155	732
156	732
157	732
158	732
159	732
160	732
161	732
162	731
163	731
164	731
165	731
166	731
167	730
168	730
169	730
170	730
171	730
172	729
173	729
174	729
175	729
176	728
177	728
178	728
179	728
180	727
181	727
182	727
183	726
184	726
185	726
186	725
187	725
188	724
189	724
190	724
191	723
192	723
193	723
194	722
195	722
196	721
197	721
198	721
199	720
200	720
201	719
202	718
203	718
204	718
205	717
206	717
207	716
208	715
209	715
210	714
211	713
212	713
213	712
214	711
215	710
216	709
217	709
217	708
218	707
219	707
219	706
220	705
221	705
222	705
222	704
223	703
224	702
225	702
226	701
227	701
228	700
229	699
230	698
231	697
232	697
233	696
234	695
235	695
236	694
237	693
238	692
239	691
240	691
241	690
241	689
242	688
243	688
243	687
244	686
245	686
245	685
246	684
247	683
248	682
249	681
250	680
251	679
252	678
252	677
253	676
254	675
255	674
256	673
256	672
257	671
258	670
259	669
259	668
260	667
260	666
261	665
261	664
262	663
262	662
263	661
263	660
264	659
264	658
264	657
265	656
265	655
266	654
267	653
268	652
268	651
269	650
269	649
270	648
271	648
272	647
273	646
274	645
275	645
276	645
277	645
278	644
279	644
280	644
281	644
282	643
283	643
284	643
285	643
286	643
287	643
288	643
289	643
290	643
291	643
292	643
293	643
294	643
295	643
296	643
297	643
298	643
299	643
300	644
301	644
302	644
303	644
304	644
305	645
306	645
307	645
308	646
309	646
310	646
311	646
312	646
313	647
314	647
315	647
316	648
317	648
318	648
319	649
320	649
321	650
322	650
323	650
324	650
325	651
326	651
327	652
328	652
329	653
330	653
331	654
332	654
333	654
334	655
335	656
336	656
337	657
338	658
339	658
340	659
341	660
342	660
343	661
344	662
345	662
346	663
346	664
347	664
348	665
349	666
350	667
351	668
352	668
353	669
353	670
354	671
355	671
356	672
356	673
357	674
358	675
359	676
360	676
361	677
361	678
362	679
363	680
364	681
365	682
365	683
366	684
367	685
367	686
368	687
369	688
370	689
370	690
371	691
372	692
372	693
373	694
374	695
374	696
375	697
375	698
376	699
376	700
376	701
377	702
377	703
378	704
378	705
378	706
379	707
379	708
380	709
380	710
380	711
380	712
380	713
381	714
381	715
381	716
382	717
382	718
382	719
382	720
382	721
382	722
383	723
383	724
383	725
383	726
383	727
383	728
383	729
384	730
384	731
384	732
384	733
384	734
384	735
384	736
384	737
384	738
384	739
384	740
384	741
384	742
384	743
384	744
384	745
385	746
385	747
385	748
385	749
385	750
385	751
384	752
384	753
384	754
384	755
384	756
384	757
384	758
384	759
384	760
384	761
384	762
384	763
384	764
384	765
384	766
384	767
384	768
384	769
383	770
383	771
383	772
383	773
383	774
383	775
383	776
383	777
383	778
383	779
383	780
383	781
383	782
383	783
383	784
383	785
383	786
383	787
383	788
383	789
383	790
383	791
383	792
383	793
383	794
383	795
383	796
383	797
383	798
383	799
383	800
383	801
383	802
383	803
383	804
383	805
383	806
382	807
382	808
382	809
382	810
382	811
382	812
382	813
382	814
382	815
382	816
382	817
382	818
382	819
382	820
381	821
381	822
381	823
381	824
381	825
381	826
381	827
381	828
381	829
381	830
381	831
381	832
381	833
381	834
381	835
381	836
381	837
381	838
381	839
381	840
381	841
381	842
381	843
381	844
381	845
381	846
381	847
381	848
381	849
380	850
380	851
380	852
380	853
380	854
380	855
380	856
380	857
380	858
380	859
380	860
380	861
380	862
380	863
380	864
379	865
379	866
379	867
379	868
379	869
379	870
379	871
379	872
379	873
379	874
379	875
379	876
379	877
379	878
379	879
379	880
379	881
379	882
379	883
379	884
379	885
379	886
379	887
379	888
378	889
378	890
378	891
378	892
378	893
378	894
378	895
378	896
378	897
378	898
378	899
378	900
378	901
378	902
378	903
378	904
378	905
378	906
378	907
377	908
377	909
377	910
377	911
377	912
377	913
377	914
377	915
377	916
377	917
377	918
377	919
377	920
377	921
377	922
377	923
377	924
377	925
377	926
377	927
377	928
377	929
376	930
376	931
376	932
376	933
376	934
376	935
376	936
376	937
376	938
376	939
376	940
376	941
376	942
376	943
376	944
375	945
375	946
375	947
375	948
375	949
375	950
375	951
375	952
375	953
375	954
375	955
375	956
375	957
375	958
375	959
375	960
375	961
375	962
375	963
375	964
375	965
375	966
375	967
375	968
375	969
375	970
375	971
375	972
375	973
375	974
375	975
375	976
375	977
375	978
375	979
375	980
375	981
375	982
374	983
374	984
374	985
374	986
374	987
374	988
374	989
374	990
374	991
374	992
374	993
374	994
374	995
373	996
373	997
373	998
373	999
373	1000
373	1001
373	1002
373	1003
373	1004
373	1005
373	1006
373	1007
373	1008
373	1009
373	1010
373	1011
373	1012
373	1013
373	1014
373	1015
373	1016
373	1017
373	1018
373	1019
373	1020
373	1021
373	1022
373	1023
373	1024
373	1025
373	1026
373	1027
373	1028
373	1029
373	1030
373	1031
373	1032
374	1033
374	1034
374	1035
374	1036
374	1037
374	1038
374	1039
374	1040
374	1041
374	1042
375	1043
375	1044
375	1045
375	1046
375	1047
375	1048
375	1049
376	1050
376	1051
376	1052
376	1053
376	1054
376	1055
376	1056
376	1057
377	1058
377	1059
377	1060
377	1061
377	1062
377	1063
377	1064
377	1065
377	1066
377	1067
377	1068
377	1069
377	1070
377	1071
377	1072
377	1073
376	1074
376	1075
376	1076
376	1077
376	1078
376	1079
376	1080
376	1081
376	1082
376	1083
376	1084
376	1085
376	1086
376	1087
376	1088
376	1089
376	1090
376	1091
376	1092
376	1093
376	1094
376	1095
376	1096
376	1097
376	1098
376	1099
376	1100
376	1101
376	1102
376	1103
376	1104
376	1105
376	1106
376	1107
376	1108
376	1109
376	1110
376	1111
376	1112
376	1113
376	1114
376	1115
376	1116
377	1117
377	1118
377	1119
377	1120
378	1121
378	1122
378	1123
379	1124
380	1125
381	1126
382	1127
383	1128
384	1128
385	1129
386	1129
387	1130
388	1130
389	1130
390	1130
391	1131
392	1131
393	1131
394	1131
395	1131
396	1132
397	1132
398	1132
399	1132
400	1132
401	1132
402	1132
403	1132
404	1132
405	1132
406	1132
407	1132
408	1132
409	1132
410	1132
411	1132
412	1132
413	1132
414	1132
415	1132
416	1132
417	1132
418	1132
419	1132
420	1132
421	1132
422	1132
423	1132
424	1132
425	1132
426	1132
427	1132
428	1133
429	1133
430	1133
431	1133
432	1133
433	1133
434	1133
435	1134
436	1134
437	1134
438	1134
439	1134
440	1134
441	1135
442	1135
443	1135
444	1135
445	1135
446	1136
447	1136
448	1136
449	1136
450	1136
451	1136
452	1136
453	1136
454	1136
455	1136
456	1136
457	1136
458	1135
459	1135
460	1135
461	1135
462	1135
463	1135
464	1134
465	1134
466	1134
467	1133
468	1133
469	1133
470	1133
471	1132
472	1132
473	1132
474	1132
475	1131
476	1131
477	1131
478	1131
479	1130
480	1130
481	1130
482	1130
483	1130
484	1130
485	1130
486	1131
487	1131
488	1131
489	1131
490	1131
491	1131
492	1131
493	1132
494	1132
495	1132
496	1132
497	1132
498	1133
499	1133
500	1133
501	1134
502	1134
503	1134
504	1134
505	1135
506	1135
507	1135
508	1135
509	1135
510	1135
511	1136
512	1136
513	1136
514	1136
515	1136
516	1136
517	1136
518	1136
519	1136
520	1136
521	1136
522	1136
523	1136
524	1135
525	1135
526	1135
527	1135
528	1135
529	1135
530	1135
531	1135
532	1135
533	1135
534	1135
535	1135
536	1135
537	1135
538	1135
539	1135
540	1135
541	1135
542	1134
543	1134
544	1134
545	1134
546	1134
547	1134
548	1134
549	1134
550	1134
551	1134
552	1133
553	1133
554	1133
555	1133
556	1132
557	1132
558	1132
559	1131
560	1131
561	1131
562	1131
563	1130
564	1130
565	1130
566	1129
567	1129
568	1129
569	1129
570	1128
571	1128
572	1128
573	1128
574	1128
575	1127
576	1127
577	1127
578	1127
579	1127
580	1127
581	1127
582	1127
583	1127
584	1127
585	1127
586	1127
587	1127
588	1127
589	1127
590	1127
591	1127
592	1127
593	1127
594	1127
595	1127
596	1128
597	1128
598	1128
599	1128
600	1128
601	1128
602	1128
603	1128
604	1128
605	1128
606	1128
607	1128
608	1128
609	1128
610	1128
611	1128
612	1128
613	1128
614	1128
615	1128
616	1128
617	1128
618	1128
619	1128
620	1128
621	1128
622	1128
623	1129
624	1129
625	1129
626	1129
627	1129
628	1130
629	1130
630	1130
631	1130
632	1131
633	1131
634	1131
635	1132
636	1132
637	1132
638	1133
639	1133
640	1133
641	1134
642	1134
643	1134
644	1134
645	1134
646	1135
647	1135
648	1135
649	1135
650	1135
651	1135
652	1136
653	1136
654	1136
655	1136
656	1136
657	1136
658	1135
659	1135
660	1135
661	1135
662	1135
663	1135
664	1135
665	1134
666	1134
667	1134
668	1134
669	1134
670	1134
671	1133
672	1133
673	1132
674	1132
675	1132
676	1131
677	1131
678	1131
679	1131
680	1130
681	1129
682	1129
683	1128
684	1128
685	1127
686	1126
687	1126
688	1126
689	1125
690	1124
691	1123
692	1122
693	1122
694	1121
695	1120
696	1120
697	1119
698	1118
699	1117
700	1116
701	1116
702	1115
703	1114
704	1113
705	1112
706	1111
707	1110
708	1109
709	1108
710	1107
711	1106
712	1105
712	1104
713	1103
714	1102
714	1101
715	1100
716	1099
717	1098
717	1097
717	1096
718	1095
718	1094
719	1093
719	1092
720	1091
720	1090
720	1089
721	1088
721	1087
721	1086
721	1085
722	1084
722	1083
722	1082
722	1081
723	1080
723	1079
723	1078
723	1077
723	1076
723	1075
723	1074
724	1073
724	1072
724	1071
724	1070
724	1069
724	1068
724	1067
724	1066
724	1065
724	1064
724	1063
724	1062
724	1061
724	1060
724	1059
724	1058
724	1057
724	1056
724	1055
724	1054
724	1053
723	1052
723	1051
723	1050
723	1049
723	1048
723	1047
722	1046
722	1045
721	1044
721	1043
721	1042
720	1041
720	1040
720	1039
719	1038
719	1037
718	1036
718	1035
717	1034
717	1033
716	1032
716	1031
715	1030
715	1029
714	1028
713	1027
713	1026
712	1025
711	1024
711	1023
710	1022
709	1021
708	1020
708	1019
707	1018
706	1017
705	1016
704	1015
703	1014
702	1013
701	1012
700	1012
699	1011
698	1010
697	1009
696	1008
695	1008
694	1007
693	1006
692	1005
691	1004
690	1003
689	1002
688	1001
687	1000
686	999
685	998
684	997
683	996
683	995
682	994
681	993
681	992
681	991
680	990
679	989
678	988
678	987
677	986
677	985
676	984
675	983
675	982
674	981
673	980
673	979
672	978
671	977
670	976
669	975
669	974
668	973
667	972
667	971
666	971
665	970
664	969
664	968
663	967
663	966
662	965
661	964
661	963
660	962
659	961
659	960
658	959
658	958
657	957
657	956
656	955
656	954
655	953
655	952
655	951
654	950
654	949
653	948
653	947
653	946
653	945
652	944
652	943
652	942
652	941
651	940
651	939
651	938
651	937
651	936
651	935
650	934
650	933
650	932
650	931
650	930
650	929
650	928
650	927
650	926
649	925
649	924
649	923
649	922
649	921
649	920
649	919
649	918
649	917
648	916
648	915
648	914
648	913
648	912
648	911
648	910
648	909
648	908
648	907
648	906
648	905
648	904
648	903
648	902
648	901
648	900
648	899
648	898
648	897
648	896
648	895
648	894
649	893
649	892
649	891
649	890
649	889
649	888
649	887
650	886
650	885
650	884
650	883
650	882
650	881
650	880
651	879
651	878
651	877
651	876
651	875
652	874
652	873
652	872
652	871
653	870
653	869
653	868
653	867
653	866
654	865
654	864
655	863
655	862
655	861
656	860
656	859
657	858
657	857
658	856
658	855
659	854
659	853
660	852
661	851
661	850
662	849
662	848
663	847
664	846
664	845
665	844
666	843
666	842
667	841
667	840
668	839
669	838
669	837
669	836
670	835
670	834
671	833
672	832
672	831
673	830
673	829
674	828
675	827
675	826
676	825
676	824
677	823
678	822
678	821
679	820
680	819
681	818
682	817
683	816
684	815
685	814
685	813
686	812
687	811
688	810
689	810
689	809
690	808
691	807
692	806
693	805
694	804
695	803
696	802
696	801
697	800
698	799
699	798
699	797
700	796
701	796
701	795
702	794
703	793
704	792
705	791
706	790
707	790
707	789
708	788
709	788
710	787
711	786
712	786
713	785
714	784
715	783
716	783
717	782
718	782
719	781
720	780
721	780
722	779
723	779
724	778
725	777
726	777
727	776
728	776
729	775
730	775
731	774
732	774
733	773
734	773
735	772
736	771
737	771
738	770
739	770
740	769
741	769
742	768
743	768
744	768
745	767
746	766
747	766
748	766
749	766
750	765
751	765
752	764
753	764
754	764
755	764
756	764
757	763
758	763
759	763
760	763
761	763
762	763
763	762
764	762
765	762
766	762
767	762
768	762
769	762
770	762
771	762
772	762
773	762
774	762
775	761
776	761
777	761
778	761
779	761
780	761
781	761
782	761
783	761
784	761
785	760
786	760
787	760
788	760
789	760
790	760
791	760
792	760
793	759
794	759
795	759
796	759
797	759
798	759
799	759
800	759
801	758
802	758
803	758
804	758
805	758
806	758
807	758
808	758
809	758
810	758
811	758
812	758
813	758
814	758
815	758
816	758
817	758
818	758
819	758
820	758
821	758
822	758
823	758
824	758
825	758
826	758
827	758
828	758
829	758
830	758
831	758
832	758
833	758
834	758
835	759
836	759
837	759
838	759
839	759
840	759
841	760
842	760
843	760
844	760
845	760
846	760
847	760
848	761
849	761
850	761
851	761
852	761
853	761
854	761
855	762
856	762
857	762
858	762
859	762
860	762
861	762
862	763
863	763
864	763
865	763
866	763
867	763
868	763
869	763
870	764
871	764
872	764
873	764
874	764
875	764
876	765
877	765
878	765
879	766
880	766
881	766
882	767
883	767
884	767
885	768
886	768
887	768
888	769
889	769
890	770
891	770
892	771
893	771
894	772
895	772
896	773
897	774
898	774
899	774
900	775
901	776
902	776
903	777
904	777
905	778
906	779
907	779
908	780
909	781
910	782
911	782
912	783
913	784
914	785
915	785
916	786
917	787
918	787
919	788
920	789
921	790
922	791
923	791
924	792
925	793
926	794
927	795
928	795
929	796
930	797
931	798
932	798
933	799
933	800
934	801
935	801
936	802
937	803
937	804
938	804
939	805
939	806
940	807
941	807
942	808
943	809
943	810
944	811
945	812
946	813
946	814
947	815
948	816
949	817
950	818
951	819
952	820
953	821
953	822
954	823
955	824
956	825
956	826
957	827
958	828
959	829
959	830
960	831
961	832
962	833
962	834
963	835
964	836
965	837
965	838
966	839
966	840
967	841
967	842
968	843
969	844
969	845
970	846
970	847
971	848
972	849
972	850
973	851
973	852
974	853
974	854
975	855
975	856
976	857
976	858
976	859
977	860
978	861
978	862
978	863
979	864
979	865
979	866
980	867
980	868
980	869
981	870
981	871
981	872
982	873
982	874
982	875
982	876
983	877
983	878
983	879
983	880
984	881
984	882
984	883
984	884
984	885
984	886
985	887
985	888
985	889
985	890
985	891
985	892
986	893
986	894
986	895
986	896
986	897
986	898
986	899
986	900
986	901
986	902
986	903
986	904
986	905
986	906
987	907
987	908
987	909
987	910
987	911
987	912
986	913
986	914
986	915
986	916
986	917
986	918
986	919
986	920
986	921
986	922
986	923
986	924
986	925
985	926
985	927
985	928
985	929
985	930
984	931
984	932
984	933
984	934
984	935
984	936
983	937
983	938
983	939
982	940
982	941
982	942
981	943
981	944
981	945
981	946
980	947
980	948
979	949
979	950
978	951
978	952
978	953
977	954
977	955
976	956
976	957
975	958
975	959
974	960
974	961
974	962
973	963
972	964
972	965
971	966
970	967
970	968
970	969
969	970
968	971
967	972
967	973
966	974
965	975
965	976
964	977
963	978
962	979
962	980
961	981
960	982
960	983
959	984
959	985
958	986
957	987
956	988
955	989
954	990
953	991
953	992
952	993
951	994
950	995
950	996
949	997
948	997
947	998
946	999
946	1000
945	1001
944	1002
943	1002
942	1003
942	1004
941	1005
940	1006
939	1007
938	1008
938	1009
937	1010
936	1010
935	1011
935	1012
934	1013
933	1014
933	1015
932	1016
931	1017
930	1018
929	1019
929	1020
928	1021
928	1022
927	1023
927	1024
926	1025
926	1026
925	1027
924	1028
924	1029
924	1030
923	1031
923	1032
922	1033
922	1034
922	1035
921	1036
921	1037
920	1038
920	1039
920	1040
920	1041
919	1042
919	1043
919	1044
918	1045
918	1046
918	1047
918	1048
918	1049
917	1050
917	1051
917	1052
917	1053
917	1054
916	1055
916	1056
916	1057
916	1058
916	1059
916	1060
916	1061
916	1062
916	1063
916	1064
916	1065
916	1066
916	1067
916	1068
916	1069
916	1070
916	1071
916	1072
916	1073
916	1074
916	1075
916	1076
916	1077
917	1078
917	1079
917	1080
917	1081
917	1082
918	1083
918	1084
918	1085
918	1086
919	1087
919	1088
919	1089
920	1090
920	1091
920	1092
921	1093
921	1094
921	1095
922	1096
922	1097
923	1098
923	1099
924	1100
924	1101
925	1102
926	1103
927	1104
927	1105
927	1106
928	1107
929	1107
930	1108
930	1109
931	1110
932	1111
933	1112
934	1113
935	1114
936	1115
937	1116
938	1117
939	1117
940	1118
941	1119
942	1119
943	1120
944	1121
945	1121
946	1122
947	1122
948	1123
949	1124
950	1124
951	1125
952	1125
953	1126
954	1126
955	1126
956	1127
957	1128
958	1128
959	1128
960	1128
961	1129
962	1129
963	1129
964	1130
965	1130
966	1130
967	1130
968	1131
969	1131
970	1131
971	1132
972	1132
973	1132
974	1132
975	1132
976	1132
977	1132
978	1132
979	1132
980	1133
981	1133
982	1133
983	1133
984	1133
985	1134
986	1134
987	1134
988	1134
989	1134
990	1134
991	1134
992	1134
993	1134
994	1134
995	1134
996	1134
997	1134
998	1134
999	1134
1000	1134
1001	1134
1002	1134
1003	1134
1004	1134
1005	1134
1006	1134
1007	1134
1008	1134
1009	1134
1010	1134
1011	1134
1012	1134
1013	1134
1014	1134
1015	1134
1016	1134
1017	1134
1018	1134
1019	1134
1020	1134
1021	1134
1022	1134
1023	1134
1024	1134
1025	1134
1026	1134
1027	1134
1028	1134
1029	1134
1030	1134
1031	1134
1032	1134
1033	1134
1034	1134
1035	1134
1036	1134
1037	1134
1038	1134
1039	1134
1040	1134
1041	1134
1042	1135
1043	1135
1044	1135
1045	1135
1046	1135
1047	1135
1048	1135
1049	1135
1050	1135
1051	1135
1052	1135
1053	1135
1054	1135
1055	1135
1056	1135
1057	1135
1058	1135
1059	1135
1060	1135
1061	1135
1062	1135
1063	1135
1064	1134
1065	1134
1066	1134
1067	1134
1068	1134
1069	1134
1070	1134
1071	1134
1072	1134
1073	1134
1074	1134
1075	1134
1076	1134
1077	1134
1078	1134
1079	1134
1080	1134
1081	1134
1082	1134
1083	1134
1084	1134
1085	1134
1086	1134
1087	1134
1088	1134
1089	1134
1090	1134
1091	1135
1092	1135
1093	1135
1094	1135
1095	1135
1096	1135
1097	1135
1098	1135
1099	1135
1100	1135
1101	1135
1102	1135
1103	1135
1104	1135
1105	1135
1106	1135
1107	1135
1108	1135
1109	1135
1110	1135
1111	1135
1112	1135
1113	1135
1114	1135
1115	1135
1116	1135
1117	1135
1118	1135
1119	1135
1120	1135
1121	1135
1122	1135
1123	1135
1124	1135
1125	1135
1126	1135
1127	1135
1128	1135
1129	1135
1130	1135
1131	1135
1132	1135
1133	1135
1134	1135
1135	1135
1136	1135
1137	1135
1138	1135
1139	1135
1140	1135
1141	1135
1142	1135
1143	1135
1144	1135
1145	1135
1146	1135
1147	1135
1148	1135
1149	1135
1150	1135
1151	1135
1152	1135
1153	1135
1154	1135
1155	1135
1156	1135
1157	1135
1158	1135
1159	1135
1160	1135
1161	1135
1162	1135
1163	1135
1164	1135
1165	1135
1166	1135
1167	1135
1168	1135
1169	1135
1170	1135
1171	1135
1172	1135
1173	1135
1174	1135
1175	1135
1176	1135
1177	1135
1178	1135
1179	1135
1180	1135
1181	1135
1182	1135
1183	1135
1184	1135
1185	1135
1186	1135
1187	1135
1188	1135
1189	1135
1190	1135
1191	1135
1192	1135
1193	1135
1194	1135
1195	1135
1196	1135
1197	1135
1198	1135
1199	1135
1200	1135
1201	1135
1202	1135
1203	1135
1204	1135
1205	1135
1206	1135
1207	1135
1208	1135
1209	1135
1210	1135
1211	1135
1212	1135
1213	1135
1214	1135
1215	1135
1216	1135
1217	1135
1218	1135
1219	1135
1220	1136
1221	1136
1222	1136
1223	1136
1224	1136
1225	1136
1226	1136
1227	1136
1228	1136
1229	1136
1230	1136
1231	1136
1232	1136
1233	1136
1234	1136
1235	1136
1236	1137
1237	1137
1238	1137
1239	1137
1240	1137
1241	1137
1242	1137
1243	1137
1244	1137
1245	1137
1246	1137
1247	1137
1248	1137
1249	1137
1250	1137
1251	1137
1252	1136
1253	1136
1254	1136
1255	1136
1256	1136
1257	1136
1258	1136
1259	1135
1260	1135
1261	1135
1262	1134
1263	1134
1264	1133
1265	1132
1266	1131
1267	1131
1267	1130
1268	1129
1269	1128
1269	1127
1269	1126
1270	1125
1270	1124
1270	1123
1271	1122
1271	1121
1271	1120
1271	1119
1271	1118
1271	1117
1271	1116
1271	1115
1271	1114
1271	1113
1271	1112
1272	1111
1272	1110
1272	1109
1271	1108
1271	1107
1272	1106
1272	1105
1272	1104
1272	1103
1272	1102
1272	1101
1272	1100
1272	1099
1272	1098
1272	1097
1272	1096
1272	1095
1272	1094
1272	1093
1272	1092
1272	1091
1272	1090
1272	1089
1272	1088
1272	1087
1272	1086
1272	1085
1272	1084
1272	1083
1272	1082
1272	1081
1272	1080
1272	1079
1272	1078
1272	1077
1272	1076
1272	1075
1273	1074
1273	1073
1273	1072
1273	1071
1273	1070
1273	1069
1273	1068
1273	1067
1273	1066
1273	1065
1273	1064
1273	1063
1274	1062
1274	1061
1274	1060
1274	1059
1274	1058
1274	1057
1274	1056
1274	1055
1274	1054
1274	1053
1274	1052
1274	1051
1274	1050
1274	1049
1274	1048
1274	1047
1274	1046
1274	1045
1274	1044
1274	1043
1273	1042
1273	1041
1273	1040
1273	1039
1273	1038
1272	1037
1272	1036
1272	1035
1272	1034
1272	1033
1271	1032
1271	1031
1271	1030
1271	1029
1271	1028
1271	1027
1271	1026
1270	1025
1270	1024
1270	1023
1270	1022
1270	1021
1270	1020
1270	1019
1270	1018
1270	1017
1270	1016
1270	1015
1270	1014
1270	1013
1270	1012
1269	1011
1269	1010
1269	1009
1269	1008
1269	1007
1269	1006
1269	1005
1269	1004
1269	1003
1269	1002
1269	1001
1268	1000
1268	999
1268	998
1268	997
1267	996
1267	995
1267	994
1266	993
1266	992
1266	991
1266	990
1265	989
1265	988
1265	987
1264	986
1264	985
1264	984
1263	983
1263	982
1263	981
1263	980
1262	979
1262	978
1262	977
1261	976
1261	975
1261	974
1261	973
1261	972
1261	971
1261	970
1260	969
1260	968
1260	967
1260	966
1260	965
1260	964
1260	963
1260	962
1260	961
1260	960
1260	959
1260	958
1260	957
1260	956
1260	955
1260	954
1260	953
1260	952
1260	951
1260	950
1260	949
1260	948
1260	947
1260	946
1260	945
1260	944
1260	943
1261	942
1261	941
1261	940
1261	939
1261	938
1261	937
1261	936
1261	935
1262	934
1262	933
1262	932
1262	931
1262	930
1262	929
1262	928
1262	927
1263	926
1263	925
1263	924
1263	923
1263	922
1263	921
1263	920
1263	919
1263	918
1263	917
1263	916
1263	915
1263	914
1263	913
1262	912
1262	911
1262	910
1262	909
1262	908
1262	907
1262	906
1261	905
1261	904
1261	903
1261	902
1261	901
1261	900
1261	899
1261	898
1261	897
1261	896
1261	895
1261	894
1261	893
1261	892
1261	891
1261	890
1261	889
1261	888
1261	887
1261	886
1261	885
1261	884
1261	883
1261	882
1261	881
1261	880
1261	879
1261	878
1261	877
1261	876
1261	875
1261	874
1261	873
1261	872
1261	871
1261	870
1261	869
1261	868
1261	867
1261	866
1261	865
1261	864
1262	863
1262	862
1262	861
1262	860
1262	859
1262	858
1262	857
1262	856
1262	855
1262	854
1262	853
1262	852
1262	851
1263	850
1263	849
1263	848
1263	847
1263	846
1263	845
1263	844
1263	843
1263	842
1263	841
1263	840
1263	839
1263	838
1263	837
1263	836
1263	835
1264	834
1264	833
1264	832
1264	831
1265	830
1265	829
1265	828
1265	827
1266	826
1266	825
1266	824
1266	823
1266	822
1267	821
1267	820
1267	819
1267	818
1267	817
1267	816
1267	815
1267	814
1267	813
1267	812
1267	811
1267	810
1267	809
1267	808
1267	807
1267	806
1267	805
1267	804
1267	803
1267	802
1267	801
1267	800
1267	799
1267	798
1267	797
1267	796
1267	795
1267	794
1267	793
1267	792
1267	791
1267	790
1267	789
1267	788
1267	787
1267	786
1267	785
1267	784
1267	783
1267	782
1267	781
1267	780
1267	779
1267	778
1267	777
1267	776
1267	775
1267	774
1267	773
1267	772
1267	771
1267	770
1267	769
1267	768
1267	767
1267	766
1267	765
1267	764
1267	763
1267	762
1267	761
1267	760
1266	759
1266	758
1266	757
1267	756
1267	755
1267	754
1266	753
1266	752
1267	751
1267	750
1267	749
1267	748
1267	747
1267	746
1267	745
1267	744
1267	743
1267	742
1267	741
1267	740
1267	739
1268	738
1268	737
1268	736
1268	735
1268	734
1268	733
1268	732
1268	731
1269	730
1269	729
1269	728
1269	727
1270	726
1270	725
1270	724
1270	723
1271	722
1271	721
1271	720
1271	719
1272	718
1272	717
1273	716
1273	715
1273	714
1273	713
1274	712
1274	711
1275	710
1275	709
1275	708
1276	707
1277	706
1277	705
1277	704
1278	703
1279	702
1279	701
1280	700
1281	699
1282	698
1282	697
1282	696
1283	695
1284	695
1285	694
1286	693
1286	692
1287	691
1288	691
1289	690
1289	689
1290	688
1291	688
1291	687
1292	686
1293	686
1294	685
1295	684
1296	683
1297	683
1298	683
1299	682
1300	681
1301	680
1302	680
1303	680
1304	679
1305	679
1306	678
1307	678
1308	678
1309	677
1310	677
1311	676
1312	676
1313	676
1314	676
1315	675
1316	675
1317	675
1318	675
1319	675
1320	674
1321	674
1322	674
1323	674
1324	674
1325	674
1326	674
1327	674
1328	674
1329	674
1330	674
1331	674
1332	675
1333	675
1334	675
1335	675
1336	676
1337	676
1338	676
1339	677
1340	677
1341	678
1342	678
1343	679
1344	680
1345	680
1346	681
1347	681
1348	682
1348	683
1349	683
1350	684
1350	685
1351	685
1352	686
1353	687
1354	688
1355	688
1356	689
1357	690
1358	691
1359	691
1360	692
1361	693
1362	694
1363	694
1364	694
1365	695
1366	696
1367	697
1368	697
1369	698
1370	698
1371	699
1372	700
1373	701
1374	701
1375	702
1376	702
1377	703
1378	704
1379	704
1380	705
1381	706
1382	707
1383	708
1384	708
1385	709
1385	710
1386	710
1387	711
1388	712
1389	713
1390	714
1391	715
1392	715
1393	716
1394	717
1395	718
1396	719
1397	720
1398	720
1399	721
1400	722
1401	722
1402	723
1402	724
1403	724
1404	725
1405	725
1406	726
1407	727
1408	727
1409	728
1410	729
1411	729
1412	730
1412	731
1413	731
1414	732
1415	732
1416	733
1417	734
1418	735
1419	735
1420	736
1421	737
1422	738
1423	738
1424	739
1425	739
1426	740
1427	741
1428	741
1429	742
1430	743
1431	743
1432	744
1433	744
1434	745
1435	745
1436	746
1437	746
1438	747
1439	747
1440	747
1441	748
1442	748
1443	748
1444	749
1445	749
1446	750
1447	750
1448	750
1449	751
1450	751
1451	751
1452	752
1453	752
1454	753
1455	753
1456	753
1457	754
1458	754
1459	754
1460	754
1461	755
1462	755
1463	755
1464	755
1465	755
1466	756
1467	756
1468	756
1469	756
1470	756
1471	756
1472	756
1473	757
1474	757
1475	757
1476	757
1477	757
1478	757
1479	757
1480	757
1481	757
1482	757
1483	757
1484	757
1485	757
1486	758
1487	758
1488	758
1489	758
1490	758
1491	758
1492	758
1493	758
1494	759
1495	759
1496	759
1497	759
1498	759
1499	760
1500	760
1501	760
1502	760
1503	760
1504	760
1505	760
1506	761
1507	761
1508	761
1509	761
1510	761
1511	761
1512	761
1513	761
1514	762
1515	762
1516	762
1517	762
1518	762
1519	762
1520	762
1521	762
1522	762
1523	762
1524	762
1525	762
1526	762
1527	762
1528	762
1529	762
1530	762
1531	762
1532	762
1533	761
1534	761
1535	761
1536	761
1537	761
1538	761
1539	760
1540	760
1541	760
1542	760
1543	760
1544	760
1545	759
1546	759
1547	758
1548	758
1549	758
1550	758
1551	757
1552	757
1553	757
1554	756
1555	756
1556	755
1557	755
1558	754
1559	754
1560	753
1561	753
1562	752
1563	752
1564	751
1565	751
1566	750
1567	749
1568	748
1569	748
1570	747
1571	747
1571	746
1572	745
1573	745
1574	744
1575	743
1576	742
1577	741
1578	740
1579	739
1580	738
1581	737
1582	737
1583	736
1583	735
1584	734
1585	733
1586	733
1587	733
1587	732
1588	731
1589	730
1590	729
1591	729
1592	728
1593	727
1594	726
1595	725
1596	724
1597	724
1598	723
1599	722
1600	721
1601	720
1602	719
1603	718
1603	717
1604	716
1605	716
1605	715
1606	714
1606	713
1607	712
1608	711
1608	710
1608	709
1609	708
1609	707
1610	706
1610	705
1610	704
1611	703
1611	702
1611	701
1612	700
1612	699
1612	698
1612	697
1613	696
1613	695
1613	694
1613	693
1614	692
1614	691
1615	690
1615	689
1615	688
1615	687
1615	686
1615	685
1616	684
1616	683
1616	682
1616	681
1616	680
1616	679
1616	678
1617	677
1617	676
1617	675
1617	674
1617	673
1617	672
1617	671
1617	670
1617	669
1617	668
1617	667
1617	666
1617	665
1617	664
1617	663
1617	662
1617	661
1618	660
1618	659
1618	658
1618	657
1618	656
1618	655
1618	654
1618	653
1619	652
1619	651
1619	650
1619	649
1619	648
1619	647
1619	646
1619	645
1620	644
1620	643
1620	642
1621	641
1621	640
1621	639
1621	638
1622	637
1622	636
1622	635
1623	634
1623	633
1623	632
1623	631
1624	630
1624	629
1625	628
1625	627
1625	626
1626	625
1626	624
1626	623
1627	622
1627	621
1627	620
1627	619
1628	618
1628	617
1628	616
1628	615
1629	614
1629	613
1629	612
1629	611
1629	610
1630	609
1630	608
1630	607
1630	606
1630	605
1630	604
1631	603
1631	602
1631	601
1631	600
1631	599
1631	598
1631	597
1632	596
1632	595
1632	594
1632	593
1632	592
1632	591
1633	590
1633	589
1633	588
1633	587
1633	586
1633	585
1633	584
1634	583
1634	582
1634	581
1634	580
1634	579
1634	578
1634	577
1634	576
1634	575
1634	574
1634	573
1634	572
1634	571
1635	570
1634	569
1634	568
1634	567
1634	566
1634	565
1634	564
1634	563
1634	562
1634	561
1634	560
1633	559
1633	558
1633	557
1633	556
1633	555
1632	554
1632	553
1632	552
1632	551
1632	550
1632	549
1632	548
1631	547
1631	546
1631	545
1631	544
1631	543
1630	542
1630	541
1630	540
1630	539
1629	538
1629	537
1629	536
1629	535
1629	534
1629	533
1628	532
1628	531
1628	530
1628	529
1627	528
1627	527
1627	526
1627	525
1627	524
1626	523
1626	522
1626	521
1626	520
1625	519
1625	518
1625	517
1624	516
1624	515
1624	514
1623	513
1623	512
1623	511
1622	510
1622	509
1621	508
1621	507
1621	506
1620	505
1620	504
1619	503
1619	502
1619	501
1618	500
1618	499
1617	498
1617	497
1616	496
1616	495
1616	494
1615	493
1614	492
1614	491
1613	490
1613	489
1612	488
1611	487
1611	486
1610	485
1609	484
1609	483
1608	482
1607	481
1607	480
1607	479
1606	478
1605	477
1605	476
1604	475
1603	474
1603	473
1603	472
1602	471
1601	470
1601	469
1600	468
1600	467
1600	466
1599	465
1599	464
1598	463
1598	462
1597	461
1597	460
1596	459
1596	458
1595	457
1594	456
1594	455
1594	454
1593	453
1592	452
1592	451
1591	450
1590	449
1589	448
1589	447
1588	446
1587	445
1586	444
1585	443
1584	442
1583	441
1582	440
1581	439
1580	439
1579	438
1579	437
1578	436
1577	436
1576	435
1575	435
1574	434
1573	433
1572	433
1571	432
1570	431
1569	430
1568	430
1567	430
1566	429
1565	428
1564	428
1563	427
1562	427
1561	426
1560	426
1559	425
1558	424
1557	424
1556	424
1555	423
1554	423
1553	422
1552	421
1551	421
1550	421
1549	420
1548	420
1547	419
1546	419
1545	419
1544	418
1543	418
1542	417
1541	417
1540	417
1539	416
1538	416
1537	416
1536	415
1535	415
1534	414
1533	414
1532	414
1531	414
1530	413
1529	413
1528	412
1527	412
1526	412
1525	412
1524	411
1523	411
1522	411
1521	411
1520	410
1519	410
1518	410
1517	409
1516	409
1515	409
1514	409
1513	409
1512	409
1511	408
1510	408
1509	408
1508	408
1507	408
1506	407
1505	407
1504	407
1503	407
1502	407
1501	407
1500	407
1499	406
1498	406
1497	406
1496	406
1495	406
1494	406
1493	406
1492	406
1491	406
1490	406
1489	406
1488	406
1487	406
1486	406
1485	406
1484	406
1483	406
1482	406
1481	406
1480	406
1479	406
1478	406
1477	407
1476	407
1475	407
1474	407
1473	407
1472	408
1471	408
1470	408
1469	408
1468	409
1467	409
1466	409
1465	410
1464	410
1463	410
1462	411
1461	411
1460	411
1459	412
1458	412
1457	413
1456	414
1455	414
1454	414
1453	415
1452	416
1451	417
1450	417
1449	418
1448	419
1447	419
1446	420
1445	421
1444	422
1443	423
1442	423
1441	424
1440	425
1439	426
1438	426
1437	427
1436	428
1435	429
1434	429
1433	430
1432	431
1431	431
1430	432
1429	432
1428	433
1427	434
1426	435
1425	435
1424	436
1423	437
1422	438
1421	438
1420	439
1419	440
1418	440
1417	441
1416	442
1415	443
1414	443
1413	444
1412	445
1411	446
1410	447
1409	447
1408	448
1407	449
1406	450
1405	451
1404	452
1403	453
1402	453
1401	454
1400	455
1399	456
1398	456
1397	457
1397	458
1396	459
1395	460
1394	460
1393	461
1392	462
1391	463
1390	464
1389	465
1388	466
1387	467
1386	468
1385	469
1384	470
1383	471
1382	471
1382	472
1381	473
1380	474
1379	475
1378	475
1377	476
1376	477
1375	478
1374	479
1373	479
1372	480
1371	481
1370	481
1370	482
1369	483
1368	483
1367	483
1366	484
1365	485
1364	485
1363	486
1362	486
1361	487
1360	488
1359	488
1358	489
1357	489
1356	489
1355	490
1354	490
1353	491
1352	491
1351	491
1350	491
1349	492
1348	492
1347	492
1346	492
1345	492
1344	493
1343	493
1342	493
1341	493
1340	493
1339	493
1338	493
1337	493
1336	494
1335	494
1334	494
1333	494
1332	494
1331	494
1330	494
1329	494
1328	494
1327	494
1326	493
1325	493
1324	493
1323	493
1322	493
1321	493
1320	493
1319	492
1318	492
1317	492
1316	491
1315	491
1314	491
1313	491
1312	490
1311	490
1310	489
1309	489
1308	489
1307	488
1306	487
1305	487
1304	486
1303	486
1302	485
1301	484
1300	484
1299	483
1298	483
1297	482
1296	481
1295	481
1294	480
1293	479
1292	479
1291	478
1290	477
1289	476
1288	475
1287	474
1286	473
1285	472
1284	472
1283	471
1283	470
1282	470
1281	469
1280	468
1280	467
1279	466
1278	465
1277	464
1276	463
1276	462
1275	461
1274	460
1273	459
1272	458
1272	457
1271	456
1271	455
1270	454
1269	453
1269	452
1269	451
1268	450
1267	449
1267	448
1266	447
1265	446
1265	445
1264	444
1264	443
1264	442
1263	441
1263	440
1262	439
1262	438
1261	437
1261	436
1261	435
1260	434
1260	433
1260	432
1259	431
1259	430
1259	429
1259	428
1259	427
1258	426
1258	425
1258	424
1258	423
1258	422
1258	421
1258	420
1258	419
1257	418
1257	417
1257	416
1257	415
1257	414
1257	413
1257	412
1257	411
1257	410
1258	409
1258	408
1258	407
1258	406
1258	405
1258	404
1258	403
1258	402
1258	401
1258	400
1258	399
1258	398
1258	397
1258	396
1258	395
1258	394
1258	393
1258	392
1258	391
1258	390
1258	389
1258	388
1258	387
1258	386
1258	385
1258	384
1258	383
1258	382
1258	381
1258	380
1258	379
1258	378
1258	377
1258	376
1258	375
1258	374
1258	373
1258	372
1258	371
1259	370
1259	369
1259	368
1259	367
1259	366
1259	365
1259	364
1259	363
1259	362
1259	361
1259	360
1259	359
1259	358
1259	357
1259	356
1259	355
1260	354
1260	353
1260	352
1260	351
1260	350
1260	349
1260	348
1260	347
1260	346
1260	345
1260	344
1260	343
1260	342
1260	341
1260	340
1261	339
1261	338
1261	337
1261	336
1261	335
1261	334
1261	333
1261	332
1261	331
1261	330
1261	329
1261	328
1261	327
1261	326
1261	325
1261	324
1261	323
1261	322
1261	321
1262	320
1262	319
1262	318
1262	317
1262	316
1262	315
1262	314
1262	313
1262	312
1262	311
1262	310
1262	309
1262	308
1262	307
1262	306
1262	305
1262	304
1262	303
1262	302
1262	301
1262	300
1262	299
1263	298
1263	297
1263	296
1263	295
1263	294
1263	293
1263	292
1263	291
1263	290
1263	289
1263	288
1263	287
1263	286
1263	285
1263	284
1263	283
1264	282
1264	281
1264	280
1264	279
1264	278
1264	277
1264	276
1264	275
1264	274
1264	273
1264	272
1265	271
1265	270
1265	269
1265	268
1265	267
1265	266
1265	265
1265	264
1265	263
1265	262
1265	261
1265	260
1265	259
1265	258
1265	257
1266	256
1266	255
1266	254
1266	253
1266	252
1266	251
1266	250
1266	249
1266	248
1266	247
1266	246
1266	245
1266	244
1266	243
1266	242
1266	241
1266	240
1266	239
1266	238
1266	237
1266	236
1266	235
1266	234
1267	233
1267	232
1267	231
1267	230
1267	229
1267	228
1267	227
1267	226
1267	225
1267	224
1267	223
1267	222
1267	221
1267	220
1267	219
1268	218
1268	217
1268	216
1268	215
1268	214
1268	213
1268	212
1268	211
1268	210
1268	209
1268	208
1268	207
1268	206
1268	205
1268	204
1268	203
1268	202
1269	201
1269	200
1269	199
1269	198
1269	197
1269	196
1269	195
1269	194
1269	193
1269	192
1269	191
1269	190
1269	189
1270	188
1270	187
1270	186
1270	185
1270	184
1270	183
1270	182
1270	181
1270	180
1270	179
1270	178
1270	177
1270	176
1270	175
1270	174
1270	173
1271	172
1271	171
1271	170
1271	169
1271	168
1271	167
1271	166
1271	165
1271	164
1271	163
1271	162
1271	161
1271	160
1271	159
1271	158
1271	157
1272	156
1272	155
1272	154
1272	153
1272	152
1272	151
1272	150
1272	149
1272	148
1272	147
1272	146
1272	145
1272	144
1272	143
1272	142
1272	141
1272	140
1272	139
1272	138
1272	137
1272	136
1272	135
1272	134
1272	133
1272	132
1272	131
1272	130
1272	129
1273	128
1273	127
1273	126
1273	125
1273	124
1273	123
1273	122
1273	121
1273	120
1273	119
1273	118
1273	117
1273	116
1273	115
1273	114
1274	113
1274	112
1274	111
1274	110
1274	109
1274	108
1274	107
1274	106
1274	105
1274	104
1274	103
1274	102
1274	101
1274	100
1274	99
1274	98
1274	97
1274	96
1274	95
1274	94
1274	93
1274	92
1275	91
1275	90
1275	89
1275	88
1275	87
1275	86
1275	85
1275	84
1275	83
1275	82
1275	81
1275	80
1275	79
1275	78
1275	77
1276	76
1276	75
1276	74
1276	73
1276	72
1276	71
1276	70
1276	69
1276	68
1277	67
1277	66
1277	65
1277	64
1277	63
1277	62
1277	61
1277	60
1277	59
1277	58
1277	57
1277	56
1277	55
1277	54
1277	53
1277	52
1277	51
1278	50
1278	49
1278	48
1278	47
1278	46
1278	45
1278	44
1278	43
1278	42
1278	41
1278	40
1278	39
1278	38
1278	37
1278	36
1278	35
1279	34
1279	33
1279	32
1279	31
1279	30
1279	29
1279	28
1279	27
1279	26
1279	25
1279	24
1279	23
1278	22
1278	21
1278	20
1278	19
1278	18
1277	17
1277	16
1276	15
1276	14
1275	13
1275	12
1274	11
1273	11
1272	10
1271	9
1270	9
1269	8
1268	8
1267	8
1266	7
1265	7
1264	7
1263	7
1262	6
1261	6
1260	6
1259	6
1258	6
1257	6
1256	6
1255	6
1254	6
1253	5
1252	5
1251	5
1250	5
1249	5
1248	5
1247	5
1246	5
1245	5
1244	5
1243	5
1242	5
1241	5
1240	5
1239	5
1238	4
1237	4
1236	4
1235	4
1234	4
1233	4
1232	4
1231	4
1230	4
1229	4
1228	4
1227	4
1226	4
1225	4
1224	4
1223	4
1222	4
1221	4
1220	4
1219	4
1218	4
1217	4
1216	4
1215	4
1214	4
1213	4
1212	4
1211	4
1210	4
1209	4
1208	4
1207	4
1206	4
1205	4
1204	4
1203	4
1202	4
1201	4
1200	4
1199	4
1198	4
1197	4
1196	4
1195	4
1194	4
1193	4
1192	4
1191	4
1190	4
1189	4
1188	4
1187	4
1186	4
1185	4
1184	4
1183	4
1182	4
1181	4
1180	4
1179	4
1178	4
1177	4
1176	4
1175	4
1174	4
1173	4
1172	4
1171	4
1170	4
1169	4
1168	4
1167	4
1166	4
1165	4
1164	4
1163	4
1162	4
1161	4
1160	4
1159	4
1158	4
1157	4
1156	4
1155	4
1154	4
1153	4
1152	4
1151	4
1150	4
1149	4
1148	4
1147	4
1146	4
1145	4
1144	4
1143	4
1142	4
1141	4
1140	4
1139	4
1138	4
1137	4
1136	4
1135	4
1134	4
1133	4
1132	4
1131	4
1130	4
1129	4
1128	4
1127	4
1126	4
1125	4
1124	4
1123	4
1122	4
1121	4
1120	4
1119	4
1118	4
1117	4
1116	4
1115	4
1114	4
1113	4
1112	4
1111	4
1110	4
1109	4
1108	4
1107	4
1106	4
1105	4
1104	4
1103	4
1102	4
1101	4
1100	4
1099	3
1098	3
1097	3
1096	3
1095	3
1094	3
1093	3
1092	3
1091	3
1090	3
1089	3
1088	3
1087	3
1086	3
1085	3
1084	3
1083	2
1082	2
1081	2
1080	2
1079	2
1078	2
1077	2
1076	2
1075	2
1074	2
1073	2
1072	2
1071	2
1070	2
1069	2
1068	2
1067	2
1066	2
1065	2
1064	2
1063	2
1062	2
1061	2
1060	2
1059	2
1058	2
1057	2
1056	2
1055	2
1054	2
1053	2
1052	2
1051	2
1050	2
1049	2
1048	2
1047	2
1046	2
1045	2
1044	2
1043	2
1042	2
1041	2
1040	2
1039	2
1038	2
1037	2
1036	2
1035	1
1034	1
1033	1
1032	1
1031	1
1030	1
1029	1
1028	1
1027	1
1026	1
1025	1
1024	1
1023	1
1022	0
1021	0
1020	0
1019	0
1018	0
1017	0
1016	0
1015	0
1014	0
1013	0
1012	0
1011	0
1010	0
1009	0
1008	0
1007	0
1006	0
1005	0
1004	0
1003	0
1002	0
1001	0
1000	0
999	0
998	0
997	0
